0001_0010_0010_0060_0060.jpg 1 10 10 60 60
0002_0011_0031_0042_0042.jpg 1 11 31 42 42
0003_0019_0011_0051_0051.jpg 1 19 11 51 51
0004_0013_0006_0058_0058.jpg 1 13 6 58 58
0005_0013_0027_0050_0050.jpg 1 13 27 50 50
0006_0032_0006_0047_0047.jpg 1 32 6 47 47
0007_0012_0024_0065_0065.jpg 1 12 24 65 65
0008_0046_0042_0032_0032.jpg 1 46 42 32 32
0009_0022_0016_0064_0064.jpg 1 22 16 64 64
0010_0028_0021_0061_0061.jpg 1 28 21 61 61
0011_0015_0027_0054_0054.jpg 1 15 27 54 54
0012_0012_0025_0055_0055.jpg 1 12 25 55 55
0013_0041_0036_0024_0024.jpg 1 41 36 24 24
0014_0029_0011_0031_0031.jpg 1 29 11 31 31
0015_0040_0012_0042_0042.jpg 1 40 12 42 42
0016_0033_0040_0031_0031.jpg 1 33 40 31 31
0017_0017_0005_0069_0069.jpg 1 17 5 69 69
0018_0011_0019_0059_0059.jpg 1 11 19 59 59
0019_0031_0044_0030_0030.jpg 1 31 44 30 30
0020_0025_0012_0068_0068.jpg 1 25 12 68 68
0021_0007_0029_0063_0063.jpg 1 7 29 63 63
0022_0037_0010_0033_0033.jpg 1 37 10 33 33
0023_0014_0017_0045_0045.jpg 1 14 17 45 45
0024_0013_0025_0067_0067.jpg 1 13 25 67 67
0025_0010_0027_0063_0063.jpg 1 10 27 63 63
0026_0010_0015_0064_0064.jpg 1 10 15 64 64
0027_0010_0010_0027_0027.jpg 1 10 10 27 27
0028_0013_0010_0065_0065.jpg 1 13 10 65 65
0029_0018_0030_0061_0061.jpg 1 18 30 61 61
0030_0018_0009_0050_0050.jpg 1 18 9 50 50
0031_0026_0013_0066_0066.jpg 1 26 13 66 66
0032_0017_0025_0057_0057.jpg 1 17 25 57 57
0033_0019_0004_0064_0064.jpg 1 19 4 64 64
0034_0036_0040_0049_0049.jpg 1 36 40 49 49
0035_0043_0041_0040_0040.jpg 1 43 41 40 40
0036_0016_0014_0064_0064.jpg 1 16 14 64 64
0037_0012_0014_0059_0059.jpg 1 12 14 59 59
0038_0021_0019_0063_0063.jpg 1 21 19 63 63
0039_0023_0022_0052_0052.jpg 1 23 22 52 52
0040_0009_0015_0029_0029.jpg 1 9 15 29 29
0041_0037_0015_0049_0049.jpg 1 37 15 49 49
0042_0008_0008_0055_0055.jpg 1 8 8 55 55
0043_0014_0009_0033_0033.jpg 1 14 9 33 33
0044_0021_0005_0057_0057.jpg 1 21 5 57 57
0045_0009_0029_0049_0049.jpg 1 9 29 49 49
0046_0009_0040_0044_0044.jpg 1 9 40 44 44
0047_0013_0019_0068_0068.jpg 1 13 19 68 68
0048_0047_0026_0030_0030.jpg 1 47 26 30 30
0049_0051_0058_0024_0024.jpg 1 51 58 24 24
0050_0031_0033_0053_0053.jpg 1 31 33 53 53
0051_0010_0039_0025_0025.jpg 1 10 39 25 25
0052_0042_0009_0038_0038.jpg 1 42 9 38 38
0053_0008_0018_0037_0037.jpg 1 8 18 37 37
0054_0016_0024_0048_0048.jpg 1 16 24 48 48
0055_0032_0013_0057_0057.jpg 1 32 13 57 57
0056_0024_0015_0039_0039.jpg 1 24 15 39 39
0057_0025_0017_0055_0055.jpg 1 25 17 55 55
0058_0023_0042_0029_0029.jpg 1 23 42 29 29
0059_0025_0049_0031_0031.jpg 1 25 49 31 31
0060_0037_0014_0045_0045.jpg 1 37 14 45 45
0061_0025_0014_0066_0066.jpg 1 25 14 66 66
0062_0007_0047_0026_0026.jpg 1 7 47 26 26
0063_0039_0018_0032_0032.jpg 1 39 18 32 32
0064_0020_0026_0046_0046.jpg 1 20 26 46 46
0065_0019_0038_0049_0049.jpg 1 19 38 49 49
0066_0031_0009_0060_0060.jpg 1 31 9 60 60
0067_0020_0009_0052_0052.jpg 1 20 9 52 52
0068_0014_0029_0027_0027.jpg 1 14 29 27 27
0069_0022_0049_0024_0024.jpg 1 22 49 24 24
0070_0049_0029_0030_0030.jpg 1 49 29 30 30
0071_0023_0036_0049_0049.jpg 1 23 36 49 49
0072_0024_0023_0067_0067.jpg 1 24 23 67 67
0073_0014_0028_0047_0047.jpg 1 14 28 47 47
0074_0016_0007_0061_0061.jpg 1 16 7 61 61
0075_0022_0012_0062_0062.jpg 1 22 12 62 62
0076_0009_0016_0068_0068.jpg 1 9 16 68 68
0077_0006_0022_0062_0062.jpg 1 6 22 62 62
0078_0043_0010_0042_0042.jpg 1 43 10 42 42
0079_0004_0024_0066_0066.jpg 1 4 24 66 66
0080_0050_0013_0035_0035.jpg 1 50 13 35 35
0081_0013_0050_0036_0036.jpg 1 13 50 36 36
0082_0010_0023_0065_0065.jpg 1 10 23 65 65
0083_0013_0020_0035_0035.jpg 1 13 20 35 35
0084_0026_0027_0065_0065.jpg 1 26 27 65 65
0085_0040_0008_0046_0046.jpg 1 40 8 46 46
0086_0006_0023_0053_0053.jpg 1 6 23 53 53
0087_0047_0039_0035_0035.jpg 1 47 39 35 35
0088_0017_0034_0029_0029.jpg 1 17 34 29 29
0089_0035_0027_0048_0048.jpg 1 35 27 48 48
0090_0015_0021_0061_0061.jpg 1 15 21 61 61
0091_0024_0028_0046_0046.jpg 1 24 28 46 46
0092_0022_0010_0045_0045.jpg 1 22 10 45 45
0093_0024_0020_0060_0060.jpg 1 24 20 60 60
0094_0028_0018_0053_0053.jpg 1 28 18 53 53
0095_0034_0014_0056_0056.jpg 1 34 14 56 56
0096_0011_0012_0055_0055.jpg 1 11 12 55 55
0097_0023_0020_0063_0063.jpg 1 23 20 63 63
0098_0010_0015_0068_0068.jpg 1 10 15 68 68
0099_0019_0041_0039_0039.jpg 1 19 41 39 39
0100_0018_0027_0044_0044.jpg 1 18 27 44 44
0101_0017_0033_0052_0052.jpg 1 17 33 52 52
0102_0029_0049_0029_0029.jpg 1 29 49 29 29
0103_0021_0009_0032_0032.jpg 1 21 9 32 32
0104_0012_0016_0051_0051.jpg 1 12 16 51 51
0105_0013_0016_0069_0069.jpg 1 13 16 69 69
0106_0022_0033_0054_0054.jpg 1 22 33 54 54
0107_0012_0026_0059_0059.jpg 1 12 26 59 59
0108_0013_0050_0028_0028.jpg 1 13 50 28 28
0109_0025_0011_0060_0060.jpg 1 25 11 60 60
0110_0031_0046_0036_0036.jpg 1 31 46 36 36
0111_0058_0035_0025_0025.jpg 1 58 35 25 25
0112_0017_0037_0050_0050.jpg 1 17 37 50 50
0113_0046_0014_0041_0041.jpg 1 46 14 41 41
0114_0008_0012_0061_0061.jpg 1 8 12 61 61
0115_0035_0044_0040_0040.jpg 1 35 44 40 40
0116_0022_0013_0059_0059.jpg 1 22 13 59 59
0117_0014_0032_0027_0027.jpg 1 14 32 27 27
0118_0030_0031_0040_0040.jpg 1 30 31 40 40
0119_0010_0023_0057_0057.jpg 1 10 23 57 57
0120_0008_0019_0058_0058.jpg 1 8 19 58 58
0121_0015_0019_0051_0051.jpg 1 15 19 51 51
0122_0006_0025_0061_0061.jpg 1 6 25 61 61
0123_0028_0020_0058_0058.jpg 1 28 20 58 58
0124_0025_0010_0035_0035.jpg 1 25 10 35 35
0125_0023_0005_0048_0048.jpg 1 23 5 48 48
0126_0034_0054_0028_0028.jpg 1 34 54 28 28
0127_0027_0038_0039_0039.jpg 1 27 38 39 39
0128_0014_0033_0046_0046.jpg 1 14 33 46 46
0129_0046_0048_0038_0038.jpg 1 46 48 38 38
0130_0039_0008_0040_0040.jpg 1 39 8 40 40
0131_0013_0012_0065_0065.jpg 1 13 12 65 65
0132_0030_0023_0043_0043.jpg 1 30 23 43 43
0133_0045_0048_0038_0038.jpg 1 45 48 38 38
0134_0036_0020_0046_0046.jpg 1 36 20 46 46
0135_0057_0047_0027_0027.jpg 1 57 47 27 27
0136_0050_0042_0032_0032.jpg 1 50 42 32 32
0137_0050_0019_0032_0032.jpg 1 50 19 32 32
0138_0032_0023_0034_0034.jpg 1 32 23 34 34
0139_0041_0030_0045_0045.jpg 1 41 30 45 45
0140_0008_0050_0028_0028.jpg 1 8 50 28 28
0141_0024_0016_0045_0045.jpg 1 24 16 45 45
0142_0034_0005_0056_0056.jpg 1 34 5 56 56
0143_0048_0026_0032_0032.jpg 1 48 26 32 32
0144_0032_0014_0038_0038.jpg 1 32 14 38 38
0145_0022_0031_0046_0046.jpg 1 22 31 46 46
0146_0015_0006_0068_0068.jpg 1 15 6 68 68
0147_0020_0022_0066_0066.jpg 1 20 22 66 66
0148_0023_0010_0049_0049.jpg 1 23 10 49 49
0149_0036_0041_0040_0040.jpg 1 36 41 40 40
0150_0017_0022_0035_0035.jpg 1 17 22 35 35
0151_0052_0046_0034_0034.jpg 1 52 46 34 34
0152_0006_0007_0054_0054.jpg 1 6 7 54 54
0153_0036_0014_0043_0043.jpg 1 36 14 43 43
0154_0022_0009_0064_0064.jpg 1 22 9 64 64
0155_0034_0026_0055_0055.jpg 1 34 26 55 55
0156_0014_0019_0059_0059.jpg 1 14 19 59 59
0157_0010_0011_0057_0057.jpg 1 10 11 57 57
0158_0014_0004_0065_0065.jpg 1 14 4 65 65
0159_0042_0045_0042_0042.jpg 1 42 45 42 42
0160_0023_0023_0040_0040.jpg 1 23 23 40 40
0161_0015_0024_0027_0027.jpg 1 15 24 27 27
0162_0014_0035_0027_0027.jpg 1 14 35 27 27
0163_0029_0017_0058_0058.jpg 1 29 17 58 58
0164_0008_0007_0054_0054.jpg 1 8 7 54 54
0165_0008_0037_0049_0049.jpg 1 8 37 49 49
0166_0044_0015_0034_0034.jpg 1 44 15 34 34
0167_0029_0053_0027_0027.jpg 1 29 53 27 27
0168_0017_0028_0028_0028.jpg 1 17 28 28 28
0169_0041_0036_0025_0025.jpg 1 41 36 25 25
0170_0010_0004_0056_0056.jpg 1 10 4 56 56
0171_0020_0009_0053_0053.jpg 1 20 9 53 53
0172_0038_0031_0034_0034.jpg 1 38 31 34 34
0173_0004_0007_0059_0059.jpg 1 4 7 59 59
0174_0036_0042_0031_0031.jpg 1 36 42 31 31
0175_0009_0018_0068_0068.jpg 1 9 18 68 68
0176_0015_0014_0033_0033.jpg 1 15 14 33 33
0177_0049_0023_0033_0033.jpg 1 49 23 33 33
0178_0046_0040_0038_0038.jpg 1 46 40 38 38
0179_0012_0027_0050_0050.jpg 1 12 27 50 50
0180_0007_0055_0027_0027.jpg 1 7 55 27 27
0181_0043_0020_0039_0039.jpg 1 43 20 39 39
0182_0008_0013_0069_0069.jpg 1 8 13 69 69
0183_0025_0028_0025_0025.jpg 1 25 28 25 25
0184_0014_0009_0041_0041.jpg 1 14 9 41 41
0185_0013_0025_0051_0051.jpg 1 13 25 51 51
0186_0010_0014_0040_0040.jpg 1 10 14 40 40
0187_0021_0031_0052_0052.jpg 1 21 31 52 52
0188_0009_0023_0059_0059.jpg 1 9 23 59 59
0189_0016_0036_0036_0036.jpg 1 16 36 36 36
0190_0017_0053_0030_0030.jpg 1 17 53 30 30
0191_0025_0030_0059_0059.jpg 1 25 30 59 59
0192_0027_0015_0036_0036.jpg 1 27 15 36 36
0193_0012_0007_0066_0066.jpg 1 12 7 66 66
0194_0017_0013_0069_0069.jpg 1 17 13 69 69
0195_0012_0024_0029_0029.jpg 1 12 24 29 29
0196_0025_0023_0065_0065.jpg 1 25 23 65 65
0197_0012_0015_0039_0039.jpg 1 12 15 39 39
0198_0035_0039_0047_0047.jpg 1 35 39 47 47
0199_0037_0027_0047_0047.jpg 1 37 27 47 47
0200_0007_0011_0058_0058.jpg 1 7 11 58 58
0201_0038_0013_0051_0051.jpg 1 38 13 51 51
0202_0016_0031_0046_0046.jpg 1 16 31 46 46
0203_0008_0018_0069_0069.jpg 1 8 18 69 69
0204_0016_0013_0054_0054.jpg 1 16 13 54 54
0205_0014_0031_0044_0044.jpg 1 14 31 44 44
0206_0012_0006_0066_0066.jpg 1 12 6 66 66
0207_0027_0012_0058_0058.jpg 1 27 12 58 58
0208_0006_0026_0063_0063.jpg 1 6 26 63 63
0209_0013_0021_0069_0069.jpg 1 13 21 69 69
0210_0023_0031_0028_0028.jpg 1 23 31 28 28
0211_0035_0009_0027_0027.jpg 1 35 9 27 27
0212_0022_0028_0059_0059.jpg 1 22 28 59 59
0213_0025_0018_0025_0025.jpg 1 25 18 25 25
0214_0026_0008_0066_0066.jpg 1 26 8 66 66
0215_0035_0038_0044_0044.jpg 1 35 38 44 44
0216_0020_0031_0045_0045.jpg 1 20 31 45 45
0217_0037_0042_0046_0046.jpg 1 37 42 46 46
0218_0029_0009_0057_0057.jpg 1 29 9 57 57
0219_0043_0042_0035_0035.jpg 1 43 42 35 35
0220_0020_0040_0041_0041.jpg 1 20 40 41 41
0221_0044_0017_0035_0035.jpg 1 44 17 35 35
0222_0040_0006_0048_0048.jpg 1 40 6 48 48
0223_0009_0023_0026_0026.jpg 1 9 23 26 26
0224_0030_0028_0054_0054.jpg 1 30 28 54 54
0225_0005_0029_0050_0050.jpg 1 5 29 50 50
0226_0022_0016_0053_0053.jpg 1 22 16 53 53
0227_0041_0037_0042_0042.jpg 1 41 37 42 42
0228_0013_0049_0034_0034.jpg 1 13 49 34 34
0229_0015_0008_0067_0067.jpg 1 15 8 67 67
0230_0024_0025_0067_0067.jpg 1 24 25 67 67
0231_0015_0021_0063_0063.jpg 1 15 21 63 63
0232_0015_0034_0053_0053.jpg 1 15 34 53 53
0233_0008_0024_0049_0049.jpg 1 8 24 49 49
0234_0023_0006_0057_0057.jpg 1 23 6 57 57
0235_0014_0006_0060_0060.jpg 1 14 6 60 60
0236_0048_0037_0026_0026.jpg 1 48 37 26 26
0237_0014_0010_0039_0039.jpg 1 14 10 39 39
0238_0024_0025_0065_0065.jpg 1 24 25 65 65
0239_0008_0020_0069_0069.jpg 1 8 20 69 69
0240_0045_0043_0038_0038.jpg 1 45 43 38 38
0241_0038_0042_0046_0046.jpg 1 38 42 46 46
0242_0014_0035_0044_0044.jpg 1 14 35 44 44
0243_0012_0006_0062_0062.jpg 1 12 6 62 62
0244_0024_0023_0066_0066.jpg 1 24 23 66 66
0245_0036_0015_0050_0050.jpg 1 36 15 50 50
0246_0033_0038_0040_0040.jpg 1 33 38 40 40
0247_0012_0014_0069_0069.jpg 1 12 14 69 69
0248_0023_0026_0037_0037.jpg 1 23 26 37 37
0249_0032_0021_0035_0035.jpg 1 32 21 35 35
0250_0011_0014_0048_0048.jpg 1 11 14 48 48
0251_0012_0020_0060_0060.jpg 1 12 20 60 60
0252_0034_0021_0054_0054.jpg 1 34 21 54 54
0253_0010_0010_0041_0041.jpg 1 10 10 41 41
0254_0010_0014_0052_0052.jpg 1 10 14 52 52
0255_0049_0007_0035_0035.jpg 1 49 7 35 35
0256_0034_0029_0033_0033.jpg 1 34 29 33 33
0257_0027_0032_0051_0051.jpg 1 27 32 51 51
0258_0007_0008_0043_0043.jpg 1 7 8 43 43
0259_0021_0037_0026_0026.jpg 1 21 37 26 26
0260_0054_0051_0031_0031.jpg 1 54 51 31 31
0261_0038_0028_0038_0038.jpg 1 38 28 38 38
0262_0008_0017_0039_0039.jpg 1 8 17 39 39
0263_0028_0012_0061_0061.jpg 1 28 12 61 61
0264_0016_0027_0055_0055.jpg 1 16 27 55 55
0265_0025_0029_0055_0055.jpg 1 25 29 55 55
0266_0006_0046_0041_0041.jpg 1 6 46 41 41
0267_0056_0010_0028_0028.jpg 1 56 10 28 28
0268_0021_0034_0052_0052.jpg 1 21 34 52 52
0269_0009_0016_0058_0058.jpg 1 9 16 58 58
0270_0019_0007_0058_0058.jpg 1 19 7 58 58
0271_0027_0019_0052_0052.jpg 1 27 19 52 52
0272_0033_0047_0025_0025.jpg 1 33 47 25 25
0273_0007_0014_0063_0063.jpg 1 7 14 63 63
0274_0014_0047_0024_0024.jpg 1 14 47 24 24
0275_0013_0026_0046_0046.jpg 1 13 26 46 46
0276_0023_0010_0038_0038.jpg 1 23 10 38 38
0277_0015_0007_0059_0059.jpg 1 15 7 59 59
0278_0020_0046_0036_0036.jpg 1 20 46 36 36
0279_0023_0009_0034_0034.jpg 1 23 9 34 34
0280_0037_0013_0050_0050.jpg 1 37 13 50 50
0281_0020_0023_0067_0067.jpg 1 20 23 67 67
0282_0038_0032_0047_0047.jpg 1 38 32 47 47
0283_0022_0017_0066_0066.jpg 1 22 17 66 66
0284_0014_0019_0030_0030.jpg 1 14 19 30 30
0285_0036_0025_0044_0044.jpg 1 36 25 44 44
0286_0020_0013_0069_0069.jpg 1 20 13 69 69
0287_0005_0007_0061_0061.jpg 1 5 7 61 61
0288_0042_0036_0037_0037.jpg 1 42 36 37 37
0289_0020_0039_0037_0037.jpg 1 20 39 37 37
0290_0016_0010_0062_0062.jpg 1 16 10 62 62
0291_0022_0011_0059_0059.jpg 1 22 11 59 59
0292_0029_0030_0061_0061.jpg 1 29 30 61 61
0293_0033_0034_0033_0033.jpg 1 33 34 33 33
0294_0010_0022_0063_0063.jpg 1 10 22 63 63
0295_0020_0006_0063_0063.jpg 1 20 6 63 63
0296_0021_0038_0024_0024.jpg 1 21 38 24 24
0297_0025_0012_0048_0048.jpg 1 25 12 48 48
0298_0022_0025_0068_0068.jpg 1 22 25 68 68
0299_0028_0020_0064_0064.jpg 1 28 20 64 64
0300_0017_0020_0062_0062.jpg 1 17 20 62 62
0301_0008_0007_0062_0062.jpg 1 8 7 62 62
0302_0016_0013_0069_0069.jpg 1 16 13 69 69
0303_0006_0022_0069_0069.jpg 1 6 22 69 69
0304_0035_0017_0053_0053.jpg 1 35 17 53 53
0305_0050_0029_0031_0031.jpg 1 50 29 31 31
0306_0021_0026_0064_0064.jpg 1 21 26 64 64
0307_0005_0004_0061_0061.jpg 1 5 4 61 61
0308_0015_0021_0062_0062.jpg 1 15 21 62 62
0309_0024_0022_0067_0067.jpg 1 24 22 67 67
0310_0024_0025_0040_0040.jpg 1 24 25 40 40
0311_0049_0028_0028_0028.jpg 1 49 28 28 28
0312_0055_0027_0025_0025.jpg 1 55 27 25 25
0313_0055_0054_0028_0028.jpg 1 55 54 28 28
0314_0038_0020_0044_0044.jpg 1 38 20 44 44
0315_0014_0021_0058_0058.jpg 1 14 21 58 58
0316_0012_0022_0062_0062.jpg 1 12 22 62 62
0317_0025_0007_0066_0066.jpg 1 25 7 66 66
0318_0011_0026_0066_0066.jpg 1 11 26 66 66
0319_0043_0041_0025_0025.jpg 1 43 41 25 25
0320_0008_0031_0060_0060.jpg 1 8 31 60 60
0321_0048_0055_0028_0028.jpg 1 48 55 28 28
0322_0014_0040_0030_0030.jpg 1 14 40 30 30
0323_0010_0022_0063_0063.jpg 1 10 22 63 63
0324_0023_0027_0062_0062.jpg 1 23 27 62 62
0325_0014_0012_0058_0058.jpg 1 14 12 58 58
0326_0012_0020_0046_0046.jpg 1 12 20 46 46
0327_0025_0019_0059_0059.jpg 1 25 19 59 59
0328_0029_0011_0057_0057.jpg 1 29 11 57 57
0329_0005_0009_0054_0054.jpg 1 5 9 54 54
0330_0030_0035_0045_0045.jpg 1 30 35 45 45
0331_0014_0016_0041_0041.jpg 1 14 16 41 41
0332_0008_0013_0040_0040.jpg 1 8 13 40 40
0333_0013_0042_0035_0035.jpg 1 13 42 35 35
0334_0009_0005_0067_0067.jpg 1 9 5 67 67
0335_0019_0058_0024_0024.jpg 1 19 58 24 24
0336_0015_0009_0069_0069.jpg 1 15 9 69 69
0337_0012_0010_0056_0056.jpg 1 12 10 56 56
0338_0031_0018_0043_0043.jpg 1 31 18 43 43
0339_0021_0023_0032_0032.jpg 1 21 23 32 32
0340_0028_0041_0035_0035.jpg 1 28 41 35 35
0341_0015_0038_0038_0038.jpg 1 15 38 38 38
0342_0038_0014_0049_0049.jpg 1 38 14 49 49
0343_0008_0021_0034_0034.jpg 1 8 21 34 34
0344_0026_0010_0066_0066.jpg 1 26 10 66 66
0345_0014_0016_0056_0056.jpg 1 14 16 56 56
0346_0053_0041_0032_0032.jpg 1 53 41 32 32
0347_0013_0008_0047_0047.jpg 1 13 8 47 47
0348_0011_0017_0067_0067.jpg 1 11 17 67 67
0349_0011_0031_0060_0060.jpg 1 11 31 60 60
0350_0016_0022_0064_0064.jpg 1 16 22 64 64
0351_0019_0033_0051_0051.jpg 1 19 33 51 51
0352_0012_0031_0055_0055.jpg 1 12 31 55 55
0353_0015_0026_0027_0027.jpg 1 15 26 27 27
0354_0025_0035_0027_0027.jpg 1 25 35 27 27
0355_0013_0017_0069_0069.jpg 1 13 17 69 69
0356_0028_0010_0038_0038.jpg 1 28 10 38 38
0357_0009_0009_0050_0050.jpg 1 9 9 50 50
0358_0015_0022_0067_0067.jpg 1 15 22 67 67
0359_0008_0008_0053_0053.jpg 1 8 8 53 53
0360_0031_0017_0034_0034.jpg 1 31 17 34 34
0361_0023_0013_0054_0054.jpg 1 23 13 54 54
0362_0028_0021_0051_0051.jpg 1 28 21 51 51
0363_0012_0030_0049_0049.jpg 1 12 30 49 49
0364_0016_0022_0066_0066.jpg 1 16 22 66 66
0365_0017_0021_0030_0030.jpg 1 17 21 30 30
0366_0043_0047_0032_0032.jpg 1 43 47 32 32
0367_0026_0023_0034_0034.jpg 1 26 23 34 34
0368_0018_0052_0028_0028.jpg 1 18 52 28 28
0369_0035_0028_0052_0052.jpg 1 35 28 52 52
0370_0032_0021_0043_0043.jpg 1 32 21 43 43
0371_0046_0036_0032_0032.jpg 1 46 36 32 32
0372_0016_0004_0063_0063.jpg 1 16 4 63 63
0373_0015_0040_0045_0045.jpg 1 15 40 45 45
0374_0025_0020_0053_0053.jpg 1 25 20 53 53
0375_0028_0024_0050_0050.jpg 1 28 24 50 50
0376_0036_0054_0025_0025.jpg 1 36 54 25 25
0377_0018_0009_0047_0047.jpg 1 18 9 47 47
0378_0018_0009_0041_0041.jpg 1 18 9 41 41
0379_0015_0044_0035_0035.jpg 1 15 44 35 35
0380_0034_0020_0025_0025.jpg 1 34 20 25 25
0381_0033_0012_0044_0044.jpg 1 33 12 44 44
0382_0025_0014_0043_0043.jpg 1 25 14 43 43
0383_0018_0013_0037_0037.jpg 1 18 13 37 37
0384_0025_0023_0064_0064.jpg 1 25 23 64 64
0385_0020_0022_0051_0051.jpg 1 20 22 51 51
0386_0025_0008_0056_0056.jpg 1 25 8 56 56
0387_0019_0025_0060_0060.jpg 1 19 25 60 60
0388_0023_0011_0054_0054.jpg 1 23 11 54 54
0389_0016_0013_0025_0025.jpg 1 16 13 25 25
0390_0019_0024_0056_0056.jpg 1 19 24 56 56
0391_0025_0039_0047_0047.jpg 1 25 39 47 47
0392_0022_0024_0052_0052.jpg 1 22 24 52 52
0393_0010_0019_0044_0044.jpg 1 10 19 44 44
0394_0007_0027_0057_0057.jpg 1 7 27 57 57
0395_0013_0028_0061_0061.jpg 1 13 28 61 61
0396_0026_0018_0046_0046.jpg 1 26 18 46 46
0397_0015_0022_0068_0068.jpg 1 15 22 68 68
0398_0018_0016_0054_0054.jpg 1 18 16 54 54
0399_0034_0026_0050_0050.jpg 1 34 26 50 50
0400_0016_0013_0069_0069.jpg 1 16 13 69 69
0401_0024_0006_0055_0055.jpg 1 24 6 55 55
0402_0004_0021_0057_0057.jpg 1 4 21 57 57
0403_0019_0045_0041_0041.jpg 1 19 45 41 41
0404_0035_0054_0027_0027.jpg 1 35 54 27 27
0405_0037_0029_0043_0043.jpg 1 37 29 43 43
0406_0021_0019_0057_0057.jpg 1 21 19 57 57
0407_0006_0014_0032_0032.jpg 1 6 14 32 32
0408_0045_0042_0024_0024.jpg 1 45 42 24 24
0409_0025_0003_0068_0068.jpg 1 25 3 68 68
0410_0028_0051_0033_0033.jpg 1 28 51 33 33
0411_0028_0024_0037_0037.jpg 1 28 24 37 37
0412_0037_0016_0033_0033.jpg 1 37 16 33 33
0413_0013_0045_0040_0040.jpg 1 13 45 40 40
0414_0013_0008_0067_0067.jpg 1 13 8 67 67
0415_0007_0004_0069_0069.jpg 1 7 4 69 69
0416_0026_0009_0034_0034.jpg 1 26 9 34 34
0417_0023_0015_0040_0040.jpg 1 23 15 40 40
0418_0043_0018_0040_0040.jpg 1 43 18 40 40
0419_0006_0023_0054_0054.jpg 1 6 23 54 54
0420_0018_0026_0049_0049.jpg 1 18 26 49 49
0421_0020_0025_0067_0067.jpg 1 20 25 67 67
0422_0007_0016_0064_0064.jpg 1 7 16 64 64
0423_0016_0037_0051_0051.jpg 1 16 37 51 51
0424_0040_0019_0026_0026.jpg 1 40 19 26 26
0425_0007_0010_0060_0060.jpg 1 7 10 60 60
0426_0028_0022_0043_0043.jpg 1 28 22 43 43
0427_0004_0018_0064_0064.jpg 1 4 18 64 64
0428_0016_0014_0057_0057.jpg 1 16 14 57 57
0429_0047_0036_0039_0039.jpg 1 47 36 39 39
0430_0023_0017_0032_0032.jpg 1 23 17 32 32
0431_0024_0016_0031_0031.jpg 1 24 16 31 31
0432_0025_0008_0050_0050.jpg 1 25 8 50 50
0433_0014_0050_0030_0030.jpg 1 14 50 30 30
0434_0011_0016_0045_0045.jpg 1 11 16 45 45
0435_0036_0014_0048_0048.jpg 1 36 14 48 48
0436_0009_0020_0033_0033.jpg 1 9 20 33 33
0437_0014_0030_0059_0059.jpg 1 14 30 59 59
0438_0010_0034_0046_0046.jpg 1 10 34 46 46
0439_0027_0007_0064_0064.jpg 1 27 7 64 64
0440_0009_0017_0026_0026.jpg 1 9 17 26 26
0441_0029_0007_0058_0058.jpg 1 29 7 58 58
0442_0033_0029_0054_0054.jpg 1 33 29 54 54
0443_0006_0010_0045_0045.jpg 1 6 10 45 45
0444_0028_0040_0035_0035.jpg 1 28 40 35 35
0445_0026_0008_0057_0057.jpg 1 26 8 57 57
0446_0037_0014_0039_0039.jpg 1 37 14 39 39
0447_0028_0009_0044_0044.jpg 1 28 9 44 44
0448_0014_0020_0068_0068.jpg 1 14 20 68 68
0449_0017_0035_0053_0053.jpg 1 17 35 53 53
0450_0020_0021_0060_0060.jpg 1 20 21 60 60
0451_0029_0014_0061_0061.jpg 1 29 14 61 61
0452_0019_0013_0063_0063.jpg 1 19 13 63 63
0453_0012_0023_0046_0046.jpg 1 12 23 46 46
0454_0008_0025_0034_0034.jpg 1 8 25 34 34
0455_0036_0043_0027_0027.jpg 1 36 43 27 27
0456_0042_0035_0029_0029.jpg 1 42 35 29 29
0457_0010_0027_0064_0064.jpg 1 10 27 64 64
0458_0023_0027_0058_0058.jpg 1 23 27 58 58
0459_0028_0022_0052_0052.jpg 1 28 22 52 52
0460_0027_0021_0058_0058.jpg 1 27 21 58 58
0461_0035_0008_0031_0031.jpg 1 35 8 31 31
0462_0029_0007_0047_0047.jpg 1 29 7 47 47
0463_0032_0037_0049_0049.jpg 1 32 37 49 49
0464_0011_0022_0067_0067.jpg 1 11 22 67 67
0465_0017_0022_0066_0066.jpg 1 17 22 66 66
0466_0015_0057_0024_0024.jpg 1 15 57 24 24
0467_0025_0020_0062_0062.jpg 1 25 20 62 62
0468_0024_0021_0026_0026.jpg 1 24 21 26 26
0469_0048_0020_0039_0039.jpg 1 48 20 39 39
0470_0024_0019_0067_0067.jpg 1 24 19 67 67
0471_0010_0038_0040_0040.jpg 1 10 38 40 40
0472_0031_0016_0024_0024.jpg 1 31 16 24 24
0473_0022_0032_0033_0033.jpg 1 22 32 33 33
0474_0020_0023_0033_0033.jpg 1 20 23 33 33
0475_0023_0019_0055_0055.jpg 1 23 19 55 55
0476_0054_0055_0027_0027.jpg 1 54 55 27 27
0477_0022_0016_0043_0043.jpg 1 22 16 43 43
0478_0028_0007_0057_0057.jpg 1 28 7 57 57
0479_0038_0035_0037_0037.jpg 1 38 35 37 37
0480_0027_0052_0031_0031.jpg 1 27 52 31 31
0481_0031_0015_0038_0038.jpg 1 31 15 38 38
0482_0037_0018_0030_0030.jpg 1 37 18 30 30
0483_0025_0007_0054_0054.jpg 1 25 7 54 54
0484_0027_0009_0063_0063.jpg 1 27 9 63 63
0485_0044_0007_0040_0040.jpg 1 44 7 40 40
0486_0026_0016_0059_0059.jpg 1 26 16 59 59
0487_0041_0017_0042_0042.jpg 1 41 17 42 42
0488_0023_0005_0067_0067.jpg 1 23 5 67 67
0489_0016_0016_0065_0065.jpg 1 16 16 65 65
0490_0049_0015_0035_0035.jpg 1 49 15 35 35
0491_0036_0022_0039_0039.jpg 1 36 22 39 39
0492_0026_0005_0055_0055.jpg 1 26 5 55 55
0493_0031_0013_0041_0041.jpg 1 31 13 41 41
0494_0024_0023_0064_0064.jpg 1 24 23 64 64
0495_0032_0016_0050_0050.jpg 1 32 16 50 50
0496_0016_0033_0044_0044.jpg 1 16 33 44 44
0497_0023_0015_0069_0069.jpg 1 23 15 69 69
0498_0006_0024_0058_0058.jpg 1 6 24 58 58
0499_0042_0014_0026_0026.jpg 1 42 14 26 26
0500_0013_0018_0059_0059.jpg 1 13 18 59 59
0501_0052_0008_0030_0030.jpg 1 52 8 30 30
0502_0022_0012_0065_0065.jpg 1 22 12 65 65
0503_0006_0027_0035_0035.jpg 1 6 27 35 35
0504_0054_0026_0025_0025.jpg 1 54 26 25 25
0505_0005_0006_0069_0069.jpg 1 5 6 69 69
0506_0056_0009_0024_0024.jpg 1 56 9 24 24
0507_0042_0036_0039_0039.jpg 1 42 36 39 39
0508_0009_0027_0055_0055.jpg 1 9 27 55 55
0509_0006_0009_0051_0051.jpg 1 6 9 51 51
0510_0025_0021_0058_0058.jpg 1 25 21 58 58
0511_0023_0019_0038_0038.jpg 1 23 19 38 38
0512_0045_0019_0034_0034.jpg 1 45 19 34 34
0513_0028_0018_0039_0039.jpg 1 28 18 39 39
0514_0014_0036_0033_0033.jpg 1 14 36 33 33
0515_0025_0010_0036_0036.jpg 1 25 10 36 36
0516_0016_0040_0044_0044.jpg 1 16 40 44 44
0517_0021_0015_0061_0061.jpg 1 21 15 61 61
0518_0050_0043_0031_0031.jpg 1 50 43 31 31
0519_0029_0032_0050_0050.jpg 1 29 32 50 50
0520_0040_0019_0031_0031.jpg 1 40 19 31 31
0521_0035_0025_0051_0051.jpg 1 35 25 51 51
0522_0005_0029_0060_0060.jpg 1 5 29 60 60
0523_0032_0017_0058_0058.jpg 1 32 17 58 58
0524_0022_0017_0067_0067.jpg 1 22 17 67 67
0525_0013_0023_0065_0065.jpg 1 13 23 65 65
0526_0054_0021_0025_0025.jpg 1 54 21 25 25
0527_0042_0054_0030_0030.jpg 1 42 54 30 30
0528_0053_0041_0028_0028.jpg 1 53 41 28 28
0529_0022_0021_0032_0032.jpg 1 22 21 32 32
0530_0030_0032_0040_0040.jpg 1 30 32 40 40
0531_0022_0005_0065_0065.jpg 1 22 5 65 65
0532_0015_0042_0028_0028.jpg 1 15 42 28 28
0533_0036_0034_0029_0029.jpg 1 36 34 29 29
0534_0032_0013_0050_0050.jpg 1 32 13 50 50
0535_0012_0029_0041_0041.jpg 1 12 29 41 41
0536_0016_0025_0059_0059.jpg 1 16 25 59 59
0537_0033_0038_0043_0043.jpg 1 33 38 43 43
0538_0025_0021_0062_0062.jpg 1 25 21 62 62
0539_0012_0037_0024_0024.jpg 1 12 37 24 24
0540_0046_0037_0040_0040.jpg 1 46 37 40 40
0541_0019_0026_0066_0066.jpg 1 19 26 66 66
0542_0026_0010_0031_0031.jpg 1 26 10 31 31
0543_0054_0022_0031_0031.jpg 1 54 22 31 31
0544_0019_0021_0060_0060.jpg 1 19 21 60 60
0545_0020_0035_0056_0056.jpg 1 20 35 56 56
0546_0012_0035_0046_0046.jpg 1 12 35 46 46
0547_0014_0027_0038_0038.jpg 1 14 27 38 38
0548_0028_0016_0064_0064.jpg 1 28 16 64 64
0549_0006_0032_0056_0056.jpg 1 6 32 56 56
0550_0051_0036_0027_0027.jpg 1 51 36 27 27
0551_0039_0028_0050_0050.jpg 1 39 28 50 50
0552_0019_0025_0028_0028.jpg 1 19 25 28 28
0553_0042_0006_0043_0043.jpg 1 42 6 43 43
0554_0025_0037_0039_0039.jpg 1 25 37 39 39
0555_0007_0034_0027_0027.jpg 1 7 34 27 27
0556_0014_0010_0063_0063.jpg 1 14 10 63 63
0557_0022_0021_0061_0061.jpg 1 22 21 61 61
0558_0017_0020_0066_0066.jpg 1 17 20 66 66
0559_0005_0009_0057_0057.jpg 1 5 9 57 57
0560_0018_0021_0055_0055.jpg 1 18 21 55 55
0561_0045_0018_0037_0037.jpg 1 45 18 37 37
0562_0040_0016_0040_0040.jpg 1 40 16 40 40
0563_0008_0033_0053_0053.jpg 1 8 33 53 53
0564_0017_0009_0049_0049.jpg 1 17 9 49 49
0565_0018_0008_0058_0058.jpg 1 18 8 58 58
0566_0044_0050_0028_0028.jpg 1 44 50 28 28
0567_0007_0039_0041_0041.jpg 1 7 39 41 41
0568_0010_0008_0024_0024.jpg 1 10 8 24 24
0569_0042_0037_0044_0044.jpg 1 42 37 44 44
0570_0011_0040_0024_0024.jpg 1 11 40 24 24
0571_0025_0037_0031_0031.jpg 1 25 37 31 31
0572_0018_0032_0040_0040.jpg 1 18 32 40 40
0573_0013_0031_0030_0030.jpg 1 13 31 30 30
0574_0027_0019_0061_0061.jpg 1 27 19 61 61
0575_0050_0010_0036_0036.jpg 1 50 10 36 36
0576_0043_0039_0026_0026.jpg 1 43 39 26 26
0577_0041_0017_0048_0048.jpg 1 41 17 48 48
0578_0031_0015_0059_0059.jpg 1 31 15 59 59
0579_0026_0025_0059_0059.jpg 1 26 25 59 59
0580_0028_0023_0029_0029.jpg 1 28 23 29 29
0581_0007_0041_0034_0034.jpg 1 7 41 34 34
0582_0011_0015_0063_0063.jpg 1 11 15 63 63
0583_0058_0046_0024_0024.jpg 1 58 46 24 24
0584_0016_0041_0027_0027.jpg 1 16 41 27 27
0585_0044_0045_0040_0040.jpg 1 44 45 40 40
0586_0058_0046_0027_0027.jpg 1 58 46 27 27
0587_0010_0019_0055_0055.jpg 1 10 19 55 55
0588_0020_0012_0041_0041.jpg 1 20 12 41 41
0589_0025_0041_0029_0029.jpg 1 25 41 29 29
0590_0023_0011_0042_0042.jpg 1 23 11 42 42
0591_0015_0054_0032_0032.jpg 1 15 54 32 32
0592_0051_0048_0033_0033.jpg 1 51 48 33 33
0593_0041_0040_0041_0041.jpg 1 41 40 41 41
0594_0018_0035_0024_0024.jpg 1 18 35 24 24
0595_0008_0033_0046_0046.jpg 1 8 33 46 46
0596_0049_0027_0037_0037.jpg 1 49 27 37 37
0597_0054_0010_0027_0027.jpg 1 54 10 27 27
0598_0006_0027_0066_0066.jpg 1 6 27 66 66
0599_0023_0019_0065_0065.jpg 1 23 19 65 65
0600_0058_0014_0025_0025.jpg 1 58 14 25 25
0601_0048_0008_0039_0039.jpg 1 48 8 39 39
0602_0045_0044_0039_0039.jpg 1 45 44 39 39
0603_0020_0022_0058_0058.jpg 1 20 22 58 58
0604_0028_0032_0049_0049.jpg 1 28 32 49 49
0605_0017_0013_0060_0060.jpg 1 17 13 60 60
0606_0026_0035_0025_0025.jpg 1 26 35 25 25
0607_0026_0013_0058_0058.jpg 1 26 13 58 58
0608_0009_0052_0031_0031.jpg 1 9 52 31 31
0609_0039_0020_0047_0047.jpg 1 39 20 47 47
0610_0003_0028_0064_0064.jpg 1 3 28 64 64
0611_0017_0011_0031_0031.jpg 1 17 11 31 31
0612_0034_0031_0056_0056.jpg 1 34 31 56 56
0613_0029_0008_0039_0039.jpg 1 29 8 39 39
0614_0033_0021_0053_0053.jpg 1 33 21 53 53
0615_0032_0009_0049_0049.jpg 1 32 9 49 49
0616_0015_0013_0064_0064.jpg 1 15 13 64 64
0617_0021_0023_0069_0069.jpg 1 21 23 69 69
0618_0008_0013_0054_0054.jpg 1 8 13 54 54
0619_0008_0008_0061_0061.jpg 1 8 8 61 61
0620_0023_0030_0029_0029.jpg 1 23 30 29 29
0621_0020_0016_0061_0061.jpg 1 20 16 61 61
0622_0025_0033_0047_0047.jpg 1 25 33 47 47
0623_0059_0014_0026_0026.jpg 1 59 14 26 26
0624_0045_0045_0035_0035.jpg 1 45 45 35 35
0625_0015_0010_0063_0063.jpg 1 15 10 63 63
0626_0020_0008_0054_0054.jpg 1 20 8 54 54
0627_0016_0041_0048_0048.jpg 1 16 41 48 48
0628_0009_0005_0064_0064.jpg 1 9 5 64 64
0629_0007_0042_0043_0043.jpg 1 7 42 43 43
0630_0021_0034_0037_0037.jpg 1 21 34 37 37
0631_0008_0004_0060_0060.jpg 1 8 4 60 60
0632_0015_0032_0024_0024.jpg 1 15 32 24 24
0633_0026_0018_0056_0056.jpg 1 26 18 56 56
0634_0044_0029_0033_0033.jpg 1 44 29 33 33
0635_0052_0023_0026_0026.jpg 1 52 23 26 26
0636_0029_0020_0050_0050.jpg 1 29 20 50 50
0637_0043_0030_0037_0037.jpg 1 43 30 37 37
0638_0030_0031_0040_0040.jpg 1 30 31 40 40
0639_0014_0033_0042_0042.jpg 1 14 33 42 42
0640_0009_0024_0066_0066.jpg 1 9 24 66 66
0641_0007_0004_0067_0067.jpg 1 7 4 67 67
0642_0008_0008_0048_0048.jpg 1 8 8 48 48
0643_0013_0014_0066_0066.jpg 1 13 14 66 66
0644_0031_0011_0056_0056.jpg 1 31 11 56 56
0645_0021_0004_0066_0066.jpg 1 21 4 66 66
0646_0022_0007_0065_0065.jpg 1 22 7 65 65
0647_0009_0021_0060_0060.jpg 1 9 21 60 60
0648_0017_0024_0056_0056.jpg 1 17 24 56 56
0649_0013_0040_0048_0048.jpg 1 13 40 48 48
0650_0017_0028_0039_0039.jpg 1 17 28 39 39
0651_0039_0035_0050_0050.jpg 1 39 35 50 50
0652_0038_0027_0040_0040.jpg 1 38 27 40 40
0653_0018_0015_0056_0056.jpg 1 18 15 56 56
0654_0044_0030_0040_0040.jpg 1 44 30 40 40
0655_0014_0004_0063_0063.jpg 1 14 4 63 63
0656_0023_0037_0035_0035.jpg 1 23 37 35 35
0657_0026_0005_0052_0052.jpg 1 26 5 52 52
0658_0057_0040_0028_0028.jpg 1 57 40 28 28
0659_0034_0013_0056_0056.jpg 1 34 13 56 56
0660_0008_0015_0042_0042.jpg 1 8 15 42 42
0661_0038_0017_0037_0037.jpg 1 38 17 37 37
0662_0018_0047_0029_0029.jpg 1 18 47 29 29
0663_0019_0033_0030_0030.jpg 1 19 33 30 30
0664_0030_0019_0029_0029.jpg 1 30 19 29 29
0665_0026_0005_0053_0053.jpg 1 26 5 53 53
0666_0018_0031_0037_0037.jpg 1 18 31 37 37
0667_0021_0028_0026_0026.jpg 1 21 28 26 26
0668_0036_0043_0043_0043.jpg 1 36 43 43 43
0669_0055_0031_0029_0029.jpg 1 55 31 29 29
0670_0022_0028_0042_0042.jpg 1 22 28 42 42
0671_0037_0034_0035_0035.jpg 1 37 34 35 35
0672_0003_0017_0068_0068.jpg 1 3 17 68 68
0673_0046_0017_0038_0038.jpg 1 46 17 38 38
0674_0033_0019_0034_0034.jpg 1 33 19 34 34
0675_0022_0043_0042_0042.jpg 1 22 43 42 42
0676_0014_0006_0068_0068.jpg 1 14 6 68 68
0677_0014_0008_0024_0024.jpg 1 14 8 24 24
0678_0025_0044_0035_0035.jpg 1 25 44 35 35
0679_0038_0044_0030_0030.jpg 1 38 44 30 30
0680_0025_0027_0050_0050.jpg 1 25 27 50 50
0681_0015_0042_0040_0040.jpg 1 15 42 40 40
0682_0016_0024_0063_0063.jpg 1 16 24 63 63
0683_0018_0019_0060_0060.jpg 1 18 19 60 60
0684_0018_0045_0030_0030.jpg 1 18 45 30 30
0685_0025_0031_0056_0056.jpg 1 25 31 56 56
0686_0006_0037_0051_0051.jpg 1 6 37 51 51
0687_0013_0039_0041_0041.jpg 1 13 39 41 41
0688_0048_0037_0039_0039.jpg 1 48 37 39 39
0689_0019_0032_0055_0055.jpg 1 19 32 55 55
0690_0037_0040_0042_0042.jpg 1 37 40 42 42
0691_0031_0034_0052_0052.jpg 1 31 34 52 52
0692_0039_0007_0039_0039.jpg 1 39 7 39 39
0693_0022_0035_0039_0039.jpg 1 22 35 39 39
0694_0012_0008_0060_0060.jpg 1 12 8 60 60
0695_0021_0012_0035_0035.jpg 1 21 12 35 35
0696_0031_0013_0059_0059.jpg 1 31 13 59 59
0697_0019_0012_0044_0044.jpg 1 19 12 44 44
0698_0029_0007_0060_0060.jpg 1 29 7 60 60
0699_0017_0021_0065_0065.jpg 1 17 21 65 65
0700_0037_0039_0039_0039.jpg 1 37 39 39 39
0701_0006_0019_0064_0064.jpg 1 6 19 64 64
0702_0009_0048_0024_0024.jpg 1 9 48 24 24
0703_0013_0005_0056_0056.jpg 1 13 5 56 56
0704_0041_0016_0025_0025.jpg 1 41 16 25 25
0705_0024_0017_0050_0050.jpg 1 24 17 50 50
0706_0032_0025_0024_0024.jpg 1 32 25 24 24
0707_0033_0037_0024_0024.jpg 1 33 37 24 24
0708_0021_0006_0066_0066.jpg 1 21 6 66 66
0709_0010_0025_0040_0040.jpg 1 10 25 40 40
0710_0018_0036_0045_0045.jpg 1 18 36 45 45
0711_0010_0024_0069_0069.jpg 1 10 24 69 69
0712_0007_0033_0054_0054.jpg 1 7 33 54 54
0713_0030_0025_0057_0057.jpg 1 30 25 57 57
0714_0029_0006_0048_0048.jpg 1 29 6 48 48
0715_0034_0011_0048_0048.jpg 1 34 11 48 48
0716_0058_0035_0024_0024.jpg 1 58 35 24 24
0717_0028_0016_0062_0062.jpg 1 28 16 62 62
0718_0016_0050_0026_0026.jpg 1 16 50 26 26
0719_0039_0038_0042_0042.jpg 1 39 38 42 42
0720_0018_0016_0062_0062.jpg 1 18 16 62 62
0721_0028_0041_0037_0037.jpg 1 28 41 37 37
0722_0004_0019_0058_0058.jpg 1 4 19 58 58
0723_0034_0031_0025_0025.jpg 1 34 31 25 25
0724_0030_0035_0040_0040.jpg 1 30 35 40 40
0725_0007_0009_0066_0066.jpg 1 7 9 66 66
0726_0011_0024_0050_0050.jpg 1 11 24 50 50
0727_0037_0006_0048_0048.jpg 1 37 6 48 48
0728_0013_0014_0067_0067.jpg 1 13 14 67 67
0729_0022_0019_0040_0040.jpg 1 22 19 40 40
0730_0034_0015_0046_0046.jpg 1 34 15 46 46
0731_0015_0020_0063_0063.jpg 1 15 20 63 63
0732_0038_0036_0049_0049.jpg 1 38 36 49 49
0733_0026_0026_0064_0064.jpg 1 26 26 64 64
0734_0020_0032_0046_0046.jpg 1 20 32 46 46
0735_0027_0047_0026_0026.jpg 1 27 47 26 26
0736_0007_0012_0069_0069.jpg 1 7 12 69 69
0737_0007_0023_0061_0061.jpg 1 7 23 61 61
0738_0009_0027_0032_0032.jpg 1 9 27 32 32
0739_0053_0026_0027_0027.jpg 1 53 26 27 27
0740_0016_0035_0050_0050.jpg 1 16 35 50 50
0741_0036_0054_0029_0029.jpg 1 36 54 29 29
0742_0034_0057_0025_0025.jpg 1 34 57 25 25
0743_0018_0036_0044_0044.jpg 1 18 36 44 44
0744_0007_0017_0067_0067.jpg 1 7 17 67 67
0745_0033_0009_0034_0034.jpg 1 33 9 34 34
0746_0022_0033_0033_0033.jpg 1 22 33 33 33
0747_0023_0016_0067_0067.jpg 1 23 16 67 67
0748_0035_0034_0033_0033.jpg 1 35 34 33 33
0749_0014_0027_0061_0061.jpg 1 14 27 61 61
0750_0019_0024_0069_0069.jpg 1 19 24 69 69
0751_0028_0004_0058_0058.jpg 1 28 4 58 58
0752_0046_0055_0024_0024.jpg 1 46 55 24 24
0753_0042_0008_0035_0035.jpg 1 42 8 35 35
0754_0006_0023_0044_0044.jpg 1 6 23 44 44
0755_0019_0015_0066_0066.jpg 1 19 15 66 66
0756_0020_0031_0027_0027.jpg 1 20 31 27 27
0757_0031_0023_0057_0057.jpg 1 31 23 57 57
0758_0011_0022_0062_0062.jpg 1 11 22 62 62
0759_0028_0038_0050_0050.jpg 1 28 38 50 50
0760_0040_0044_0029_0029.jpg 1 40 44 29 29
0761_0023_0014_0030_0030.jpg 1 23 14 30 30
0762_0019_0003_0069_0069.jpg 1 19 3 69 69
0763_0018_0007_0051_0051.jpg 1 18 7 51 51
0764_0038_0032_0045_0045.jpg 1 38 32 45 45
0765_0032_0007_0045_0045.jpg 1 32 7 45 45
0766_0044_0027_0042_0042.jpg 1 44 27 42 42
0767_0029_0042_0030_0030.jpg 1 29 42 30 30
0768_0018_0007_0049_0049.jpg 1 18 7 49 49
0769_0031_0038_0038_0038.jpg 1 31 38 38 38
0770_0035_0033_0036_0036.jpg 1 35 33 36 36
0771_0049_0037_0028_0028.jpg 1 49 37 28 28
0772_0016_0037_0026_0026.jpg 1 16 37 26 26
0773_0025_0006_0068_0068.jpg 1 25 6 68 68
0774_0014_0007_0068_0068.jpg 1 14 7 68 68
0775_0033_0038_0039_0039.jpg 1 33 38 39 39
0776_0019_0051_0027_0027.jpg 1 19 51 27 27
0777_0034_0016_0049_0049.jpg 1 34 16 49 49
0778_0014_0015_0063_0063.jpg 1 14 15 63 63
0779_0004_0028_0058_0058.jpg 1 4 28 58 58
0780_0029_0013_0063_0063.jpg 1 29 13 63 63
0781_0033_0016_0056_0056.jpg 1 33 16 56 56
0782_0023_0038_0029_0029.jpg 1 23 38 29 29
0783_0036_0024_0034_0034.jpg 1 36 24 34 34
0784_0007_0021_0065_0065.jpg 1 7 21 65 65
0785_0054_0051_0028_0028.jpg 1 54 51 28 28
0786_0044_0055_0029_0029.jpg 1 44 55 29 29
0787_0028_0018_0063_0063.jpg 1 28 18 63 63
0788_0023_0023_0050_0050.jpg 1 23 23 50 50
0789_0048_0016_0032_0032.jpg 1 48 16 32 32
0790_0023_0008_0027_0027.jpg 1 23 8 27 27
0791_0013_0022_0049_0049.jpg 1 13 22 49 49
0792_0020_0017_0058_0058.jpg 1 20 17 58 58
0793_0034_0037_0043_0043.jpg 1 34 37 43 43
0794_0025_0050_0027_0027.jpg 1 25 50 27 27
0795_0011_0029_0058_0058.jpg 1 11 29 58 58
0796_0007_0007_0051_0051.jpg 1 7 7 51 51
0797_0022_0043_0030_0030.jpg 1 22 43 30 30
0798_0018_0022_0039_0039.jpg 1 18 22 39 39
0799_0005_0006_0054_0054.jpg 1 5 6 54 54
0800_0048_0039_0024_0024.jpg 1 48 39 24 24
0801_0012_0016_0066_0066.jpg 1 12 16 66 66
0802_0013_0012_0066_0066.jpg 1 13 12 66 66
0803_0023_0007_0066_0066.jpg 1 23 7 66 66
0804_0040_0015_0028_0028.jpg 1 40 15 28 28
0805_0008_0011_0064_0064.jpg 1 8 11 64 64
0806_0043_0028_0039_0039.jpg 1 43 28 39 39
0807_0029_0022_0024_0024.jpg 1 29 22 24 24
0808_0014_0032_0029_0029.jpg 1 14 32 29 29
0809_0018_0049_0026_0026.jpg 1 18 49 26 26
0810_0016_0011_0047_0047.jpg 1 16 11 47 47
0811_0014_0018_0050_0050.jpg 1 14 18 50 50
0812_0030_0019_0060_0060.jpg 1 30 19 60 60
0813_0022_0046_0038_0038.jpg 1 22 46 38 38
0814_0044_0022_0041_0041.jpg 1 44 22 41 41
0815_0017_0008_0056_0056.jpg 1 17 8 56 56
0816_0003_0007_0065_0065.jpg 1 3 7 65 65
0817_0019_0045_0040_0040.jpg 1 19 45 40 40
0818_0046_0026_0038_0038.jpg 1 46 26 38 38
0819_0020_0023_0042_0042.jpg 1 20 23 42 42
0820_0017_0034_0039_0039.jpg 1 17 34 39 39
0821_0011_0033_0037_0037.jpg 1 11 33 37 37
0822_0005_0019_0051_0051.jpg 1 5 19 51 51
0823_0025_0026_0064_0064.jpg 1 25 26 64 64
0824_0007_0012_0054_0054.jpg 1 7 12 54 54
0825_0035_0014_0053_0053.jpg 1 35 14 53 53
0826_0024_0047_0039_0039.jpg 1 24 47 39 39
0827_0015_0039_0046_0046.jpg 1 15 39 46 46
0828_0014_0020_0067_0067.jpg 1 14 20 67 67
0829_0004_0003_0062_0062.jpg 1 4 3 62 62
0830_0007_0042_0039_0039.jpg 1 7 42 39 39
0831_0020_0015_0046_0046.jpg 1 20 15 46 46
0832_0032_0017_0049_0049.jpg 1 32 17 49 49
0833_0026_0012_0026_0026.jpg 1 26 12 26 26
0834_0032_0050_0037_0037.jpg 1 32 50 37 37
0835_0029_0047_0032_0032.jpg 1 29 47 32 32
0836_0021_0011_0049_0049.jpg 1 21 11 49 49
0837_0008_0047_0040_0040.jpg 1 8 47 40 40
0838_0014_0019_0026_0026.jpg 1 14 19 26 26
0839_0025_0029_0056_0056.jpg 1 25 29 56 56
0840_0008_0039_0024_0024.jpg 1 8 39 24 24
0841_0037_0012_0040_0040.jpg 1 37 12 40 40
0842_0019_0023_0065_0065.jpg 1 19 23 65 65
0843_0021_0015_0034_0034.jpg 1 21 15 34 34
0844_0038_0009_0033_0033.jpg 1 38 9 33 33
0845_0023_0021_0054_0054.jpg 1 23 21 54 54
0846_0042_0006_0033_0033.jpg 1 42 6 33 33
0847_0023_0017_0053_0053.jpg 1 23 17 53 53
0848_0030_0042_0024_0024.jpg 1 30 42 24 24
0849_0009_0022_0036_0036.jpg 1 9 22 36 36
0850_0050_0055_0026_0026.jpg 1 50 55 26 26
0851_0031_0024_0058_0058.jpg 1 31 24 58 58
0852_0008_0034_0038_0038.jpg 1 8 34 38 38
0853_0023_0051_0032_0032.jpg 1 23 51 32 32
0854_0007_0006_0040_0040.jpg 1 7 6 40 40
0855_0033_0034_0049_0049.jpg 1 33 34 49 49
0856_0015_0029_0039_0039.jpg 1 15 29 39 39
0857_0013_0015_0055_0055.jpg 1 13 15 55 55
0858_0013_0043_0031_0031.jpg 1 13 43 31 31
0859_0017_0031_0058_0058.jpg 1 17 31 58 58
0860_0017_0012_0066_0066.jpg 1 17 12 66 66
0861_0008_0046_0025_0025.jpg 1 8 46 25 25
0862_0026_0013_0028_0028.jpg 1 26 13 28 28
0863_0020_0025_0055_0055.jpg 1 20 25 55 55
0864_0014_0021_0068_0068.jpg 1 14 21 68 68
0865_0038_0019_0050_0050.jpg 1 38 19 50 50
0866_0028_0019_0053_0053.jpg 1 28 19 53 53
0867_0018_0012_0041_0041.jpg 1 18 12 41 41
0868_0006_0014_0043_0043.jpg 1 6 14 43 43
0869_0016_0015_0032_0032.jpg 1 16 15 32 32
0870_0031_0005_0055_0055.jpg 1 31 5 55 55
0871_0013_0016_0040_0040.jpg 1 13 16 40 40
0872_0038_0035_0048_0048.jpg 1 38 35 48 48
0873_0048_0025_0026_0026.jpg 1 48 25 26 26
0874_0014_0025_0052_0052.jpg 1 14 25 52 52
0875_0042_0017_0030_0030.jpg 1 42 17 30 30
0876_0016_0013_0039_0039.jpg 1 16 13 39 39
0877_0028_0015_0055_0055.jpg 1 28 15 55 55
0878_0027_0031_0045_0045.jpg 1 27 31 45 45
0879_0025_0025_0049_0049.jpg 1 25 25 49 49
0880_0015_0009_0069_0069.jpg 1 15 9 69 69
0881_0017_0010_0066_0066.jpg 1 17 10 66 66
0882_0022_0022_0053_0053.jpg 1 22 22 53 53
0883_0015_0030_0062_0062.jpg 1 15 30 62 62
0884_0006_0032_0056_0056.jpg 1 6 32 56 56
0885_0013_0009_0030_0030.jpg 1 13 9 30 30
0886_0008_0017_0066_0066.jpg 1 8 17 66 66
0887_0007_0018_0068_0068.jpg 1 7 18 68 68
0888_0010_0011_0062_0062.jpg 1 10 11 62 62
0889_0006_0005_0063_0063.jpg 1 6 5 63 63
0890_0039_0042_0040_0040.jpg 1 39 42 40 40
0891_0026_0057_0027_0027.jpg 1 26 57 27 27
0892_0043_0019_0045_0045.jpg 1 43 19 45 45
0893_0014_0044_0030_0030.jpg 1 14 44 30 30
0894_0016_0021_0062_0062.jpg 1 16 21 62 62
0895_0036_0044_0024_0024.jpg 1 36 44 24 24
0896_0039_0051_0035_0035.jpg 1 39 51 35 35
0897_0024_0026_0056_0056.jpg 1 24 26 56 56
0898_0003_0015_0066_0066.jpg 1 3 15 66 66
0899_0007_0008_0063_0063.jpg 1 7 8 63 63
0900_0020_0028_0027_0027.jpg 1 20 28 27 27
0901_0007_0013_0066_0066.jpg 1 7 13 66 66
0902_0029_0013_0044_0044.jpg 1 29 13 44 44
0903_0039_0025_0028_0028.jpg 1 39 25 28 28
0904_0027_0033_0051_0051.jpg 1 27 33 51 51
0905_0015_0028_0059_0059.jpg 1 15 28 59 59
0906_0031_0031_0025_0025.jpg 1 31 31 25 25
0907_0039_0024_0028_0028.jpg 1 39 24 28 28
0908_0011_0058_0025_0025.jpg 1 11 58 25 25
0909_0031_0025_0027_0027.jpg 1 31 25 27 27
0910_0012_0026_0057_0057.jpg 1 12 26 57 57
0911_0009_0018_0058_0058.jpg 1 9 18 58 58
0912_0025_0026_0031_0031.jpg 1 25 26 31 31
0913_0010_0027_0042_0042.jpg 1 10 27 42 42
0914_0022_0035_0040_0040.jpg 1 22 35 40 40
0915_0021_0006_0062_0062.jpg 1 21 6 62 62
0916_0014_0035_0024_0024.jpg 1 14 35 24 24
0917_0025_0043_0039_0039.jpg 1 25 43 39 39
0918_0043_0033_0037_0037.jpg 1 43 33 37 37
0919_0046_0024_0041_0041.jpg 1 46 24 41 41
0920_0035_0036_0029_0029.jpg 1 35 36 29 29
0921_0011_0008_0043_0043.jpg 1 11 8 43 43
0922_0038_0007_0025_0025.jpg 1 38 7 25 25
0923_0023_0024_0062_0062.jpg 1 23 24 62 62
0924_0020_0034_0056_0056.jpg 1 20 34 56 56
0925_0006_0030_0057_0057.jpg 1 6 30 57 57
0926_0012_0035_0050_0050.jpg 1 12 35 50 50
0927_0025_0009_0056_0056.jpg 1 25 9 56 56
0928_0038_0030_0034_0034.jpg 1 38 30 34 34
0929_0018_0034_0045_0045.jpg 1 18 34 45 45
0930_0046_0023_0037_0037.jpg 1 46 23 37 37
0931_0014_0031_0053_0053.jpg 1 14 31 53 53
0932_0042_0042_0028_0028.jpg 1 42 42 28 28
0933_0015_0017_0029_0029.jpg 1 15 17 29 29
0934_0040_0009_0037_0037.jpg 1 40 9 37 37
0935_0040_0033_0045_0045.jpg 1 40 33 45 45
0936_0029_0018_0055_0055.jpg 1 29 18 55 55
0937_0040_0009_0030_0030.jpg 1 40 9 30 30
0938_0032_0036_0039_0039.jpg 1 32 36 39 39
0939_0039_0031_0040_0040.jpg 1 39 31 40 40
0940_0022_0019_0065_0065.jpg 1 22 19 65 65
0941_0026_0029_0025_0025.jpg 1 26 29 25 25
0942_0008_0033_0049_0049.jpg 1 8 33 49 49
0943_0009_0036_0030_0030.jpg 1 9 36 30 30
0944_0037_0052_0031_0031.jpg 1 37 52 31 31
0945_0037_0035_0048_0048.jpg 1 37 35 48 48
0946_0006_0008_0061_0061.jpg 1 6 8 61 61
0947_0004_0016_0065_0065.jpg 1 4 16 65 65
0948_0047_0029_0037_0037.jpg 1 47 29 37 37
0949_0053_0030_0027_0027.jpg 1 53 30 27 27
0950_0009_0020_0058_0058.jpg 1 9 20 58 58
0951_0013_0029_0059_0059.jpg 1 13 29 59 59
0952_0024_0014_0060_0060.jpg 1 24 14 60 60
0953_0020_0038_0044_0044.jpg 1 20 38 44 44
0954_0051_0050_0026_0026.jpg 1 51 50 26 26
0955_0020_0038_0050_0050.jpg 1 20 38 50 50
0956_0006_0042_0041_0041.jpg 1 6 42 41 41
0957_0036_0011_0053_0053.jpg 1 36 11 53 53
0958_0041_0008_0030_0030.jpg 1 41 8 30 30
0959_0048_0046_0033_0033.jpg 1 48 46 33 33
0960_0016_0018_0067_0067.jpg 1 16 18 67 67
0961_0031_0019_0032_0032.jpg 1 31 19 32 32
0962_0010_0053_0033_0033.jpg 1 10 53 33 33
0963_0007_0006_0062_0062.jpg 1 7 6 62 62
0964_0006_0037_0048_0048.jpg 1 6 37 48 48
0965_0041_0033_0038_0038.jpg 1 41 33 38 38
0966_0029_0012_0054_0054.jpg 1 29 12 54 54
0967_0025_0048_0035_0035.jpg 1 25 48 35 35
0968_0019_0053_0030_0030.jpg 1 19 53 30 30
0969_0018_0040_0029_0029.jpg 1 18 40 29 29
0970_0023_0039_0029_0029.jpg 1 23 39 29 29
0971_0003_0016_0062_0062.jpg 1 3 16 62 62
0972_0017_0007_0068_0068.jpg 1 17 7 68 68
0973_0017_0017_0046_0046.jpg 1 17 17 46 46
0974_0025_0029_0036_0036.jpg 1 25 29 36 36
0975_0015_0055_0029_0029.jpg 1 15 55 29 29
0976_0017_0019_0069_0069.jpg 1 17 19 69 69
0977_0027_0003_0065_0065.jpg 1 27 3 65 65
0978_0033_0033_0052_0052.jpg 1 33 33 52 52
0979_0007_0003_0068_0068.jpg 1 7 3 68 68
0980_0010_0024_0026_0026.jpg 1 10 24 26 26
0981_0007_0013_0067_0067.jpg 1 7 13 67 67
0982_0046_0057_0025_0025.jpg 1 46 57 25 25
0983_0032_0025_0045_0045.jpg 1 32 25 45 45
0984_0005_0010_0063_0063.jpg 1 5 10 63 63
0985_0032_0015_0058_0058.jpg 1 32 15 58 58
0986_0032_0013_0056_0056.jpg 1 32 13 56 56
0987_0020_0008_0068_0068.jpg 1 20 8 68 68
0988_0030_0029_0025_0025.jpg 1 30 29 25 25
0989_0017_0011_0067_0067.jpg 1 17 11 67 67
0990_0015_0050_0027_0027.jpg 1 15 50 27 27
0991_0031_0025_0056_0056.jpg 1 31 25 56 56
0992_0026_0044_0035_0035.jpg 1 26 44 35 35
0993_0023_0024_0063_0063.jpg 1 23 24 63 63
0994_0047_0036_0034_0034.jpg 1 47 36 34 34
0995_0007_0003_0065_0065.jpg 1 7 3 65 65
0996_0031_0027_0035_0035.jpg 1 31 27 35 35
0997_0029_0038_0030_0030.jpg 1 29 38 30 30
0998_0027_0024_0048_0048.jpg 1 27 24 48 48
0999_0008_0021_0044_0044.jpg 1 8 21 44 44
1000_0025_0014_0057_0057.jpg 1 25 14 57 57
1001_0031_0033_0033_0033.jpg 1 31 33 33 33
1002_0015_0011_0057_0057.jpg 1 15 11 57 57
1003_0014_0029_0057_0057.jpg 1 14 29 57 57
1004_0048_0007_0030_0030.jpg 1 48 7 30 30
1005_0021_0027_0051_0051.jpg 1 21 27 51 51
1006_0026_0015_0060_0060.jpg 1 26 15 60 60
1007_0022_0024_0058_0058.jpg 1 22 24 58 58
1008_0006_0014_0045_0045.jpg 1 6 14 45 45
1009_0048_0007_0032_0032.jpg 1 48 7 32 32
1010_0041_0016_0045_0045.jpg 1 41 16 45 45
1011_0014_0025_0059_0059.jpg 1 14 25 59 59
1012_0039_0009_0050_0050.jpg 1 39 9 50 50
1013_0025_0046_0028_0028.jpg 1 25 46 28 28
1014_0029_0015_0061_0061.jpg 1 29 15 61 61
1015_0008_0017_0024_0024.jpg 1 8 17 24 24
1016_0020_0019_0060_0060.jpg 1 20 19 60 60
1017_0024_0035_0029_0029.jpg 1 24 35 29 29
1018_0029_0030_0047_0047.jpg 1 29 30 47 47
1019_0010_0028_0049_0049.jpg 1 10 28 49 49
1020_0015_0013_0050_0050.jpg 1 15 13 50 50
1021_0031_0033_0028_0028.jpg 1 31 33 28 28
1022_0022_0015_0066_0066.jpg 1 22 15 66 66
1023_0007_0020_0055_0055.jpg 1 7 20 55 55
1024_0053_0013_0028_0028.jpg 1 53 13 28 28
1025_0035_0050_0033_0033.jpg 1 35 50 33 33
1026_0018_0011_0047_0047.jpg 1 18 11 47 47
1027_0019_0019_0044_0044.jpg 1 19 19 44 44
1028_0024_0028_0064_0064.jpg 1 24 28 64 64
1029_0029_0044_0037_0037.jpg 1 29 44 37 37
1030_0012_0003_0067_0067.jpg 1 12 3 67 67
1031_0057_0032_0028_0028.jpg 1 57 32 28 28
1032_0015_0017_0061_0061.jpg 1 15 17 61 61
1033_0031_0029_0043_0043.jpg 1 31 29 43 43
1034_0056_0034_0027_0027.jpg 1 56 34 27 27
1035_0013_0006_0069_0069.jpg 1 13 6 69 69
1036_0008_0024_0069_0069.jpg 1 8 24 69 69
1037_0040_0011_0033_0033.jpg 1 40 11 33 33
1038_0019_0005_0051_0051.jpg 1 19 5 51 51
1039_0014_0051_0029_0029.jpg 1 14 51 29 29
1040_0035_0030_0043_0043.jpg 1 35 30 43 43
1041_0031_0035_0051_0051.jpg 1 31 35 51 51
1042_0015_0022_0030_0030.jpg 1 15 22 30 30
1043_0009_0043_0031_0031.jpg 1 9 43 31 31
1044_0020_0011_0054_0054.jpg 1 20 11 54 54
1045_0023_0013_0049_0049.jpg 1 23 13 49 49
1046_0010_0039_0049_0049.jpg 1 10 39 49 49
1047_0015_0042_0041_0041.jpg 1 15 42 41 41
1048_0029_0020_0057_0057.jpg 1 29 20 57 57
1049_0020_0007_0061_0061.jpg 1 20 7 61 61
1050_0042_0009_0045_0045.jpg 1 42 9 45 45
1051_0024_0014_0069_0069.jpg 1 24 14 69 69
1052_0053_0039_0029_0029.jpg 1 53 39 29 29
1053_0034_0010_0036_0036.jpg 1 34 10 36 36
1054_0021_0014_0026_0026.jpg 1 21 14 26 26
1055_0038_0046_0036_0036.jpg 1 38 46 36 36
1056_0051_0022_0033_0033.jpg 1 51 22 33 33
1057_0042_0006_0045_0045.jpg 1 42 6 45 45
1058_0017_0014_0054_0054.jpg 1 17 14 54 54
1059_0026_0033_0053_0053.jpg 1 26 33 53 53
1060_0013_0023_0030_0030.jpg 1 13 23 30 30
1061_0010_0006_0060_0060.jpg 1 10 6 60 60
1062_0017_0003_0061_0061.jpg 1 17 3 61 61
1063_0041_0036_0032_0032.jpg 1 41 36 32 32
1064_0024_0028_0042_0042.jpg 1 24 28 42 42
1065_0009_0034_0030_0030.jpg 1 9 34 30 30
1066_0039_0035_0028_0028.jpg 1 39 35 28 28
1067_0014_0046_0039_0039.jpg 1 14 46 39 39
1068_0048_0018_0036_0036.jpg 1 48 18 36 36
1069_0022_0019_0053_0053.jpg 1 22 19 53 53
1070_0030_0027_0054_0054.jpg 1 30 27 54 54
1071_0019_0017_0061_0061.jpg 1 19 17 61 61
1072_0034_0046_0042_0042.jpg 1 34 46 42 42
1073_0035_0040_0049_0049.jpg 1 35 40 49 49
1074_0018_0004_0067_0067.jpg 1 18 4 67 67
1075_0041_0033_0047_0047.jpg 1 41 33 47 47
1076_0014_0008_0050_0050.jpg 1 14 8 50 50
1077_0027_0013_0062_0062.jpg 1 27 13 62 62
1078_0052_0036_0027_0027.jpg 1 52 36 27 27
1079_0009_0018_0058_0058.jpg 1 9 18 58 58
1080_0020_0009_0062_0062.jpg 1 20 9 62 62
1081_0006_0024_0062_0062.jpg 1 6 24 62 62
1082_0054_0034_0024_0024.jpg 1 54 34 24 24
1083_0033_0040_0049_0049.jpg 1 33 40 49 49
1084_0014_0021_0042_0042.jpg 1 14 21 42 42
1085_0005_0009_0062_0062.jpg 1 5 9 62 62
1086_0031_0010_0058_0058.jpg 1 31 10 58 58
1087_0026_0022_0065_0065.jpg 1 26 22 65 65
1088_0019_0025_0050_0050.jpg 1 19 25 50 50
1089_0006_0030_0054_0054.jpg 1 6 30 54 54
1090_0009_0050_0028_0028.jpg 1 9 50 28 28
1091_0009_0026_0063_0063.jpg 1 9 26 63 63
1092_0033_0040_0038_0038.jpg 1 33 40 38 38
1093_0040_0058_0024_0024.jpg 1 40 58 24 24
1094_0009_0041_0033_0033.jpg 1 9 41 33 33
1095_0019_0013_0039_0039.jpg 1 19 13 39 39
1096_0011_0031_0052_0052.jpg 1 11 31 52 52
1097_0021_0027_0062_0062.jpg 1 21 27 62 62
1098_0039_0027_0044_0044.jpg 1 39 27 44 44
1099_0030_0028_0052_0052.jpg 1 30 28 52 52
1100_0013_0033_0031_0031.jpg 1 13 33 31 31
1101_0008_0041_0035_0035.jpg 1 8 41 35 35
1102_0006_0011_0065_0065.jpg 1 6 11 65 65
1103_0008_0031_0041_0041.jpg 1 8 31 41 41
1104_0021_0008_0066_0066.jpg 1 21 8 66 66
1105_0016_0018_0057_0057.jpg 1 16 18 57 57
1106_0038_0016_0044_0044.jpg 1 38 16 44 44
1107_0024_0019_0052_0052.jpg 1 24 19 52 52
1108_0017_0044_0040_0040.jpg 1 17 44 40 40
1109_0022_0006_0059_0059.jpg 1 22 6 59 59
1110_0015_0051_0025_0025.jpg 1 15 51 25 25
1111_0025_0012_0046_0046.jpg 1 25 12 46 46
1112_0020_0023_0039_0039.jpg 1 20 23 39 39
1113_0031_0020_0050_0050.jpg 1 31 20 50 50
1114_0039_0026_0045_0045.jpg 1 39 26 45 45
1115_0018_0007_0058_0058.jpg 1 18 7 58 58
1116_0031_0035_0042_0042.jpg 1 31 35 42 42
1117_0036_0036_0047_0047.jpg 1 36 36 47 47
1118_0015_0014_0053_0053.jpg 1 15 14 53 53
1119_0028_0020_0049_0049.jpg 1 28 20 49 49
1120_0012_0032_0056_0056.jpg 1 12 32 56 56
1121_0024_0012_0063_0063.jpg 1 24 12 63 63
1122_0010_0009_0052_0052.jpg 1 10 9 52 52
1123_0005_0027_0064_0064.jpg 1 5 27 64 64
1124_0021_0008_0069_0069.jpg 1 21 8 69 69
1125_0005_0014_0067_0067.jpg 1 5 14 67 67
1126_0050_0050_0036_0036.jpg 1 50 50 36 36
1127_0006_0035_0042_0042.jpg 1 6 35 42 42
1128_0023_0006_0067_0067.jpg 1 23 6 67 67
1129_0017_0018_0031_0031.jpg 1 17 18 31 31
1130_0023_0026_0043_0043.jpg 1 23 26 43 43
1131_0006_0023_0059_0059.jpg 1 6 23 59 59
1132_0036_0026_0041_0041.jpg 1 36 26 41 41
1133_0013_0018_0041_0041.jpg 1 13 18 41 41
1134_0031_0007_0038_0038.jpg 1 31 7 38 38
1135_0015_0009_0062_0062.jpg 1 15 9 62 62
1136_0046_0028_0040_0040.jpg 1 46 28 40 40
1137_0009_0020_0033_0033.jpg 1 9 20 33 33
1138_0005_0008_0063_0063.jpg 1 5 8 63 63
1139_0031_0030_0025_0025.jpg 1 31 30 25 25
1140_0030_0030_0056_0056.jpg 1 30 30 56 56
1141_0034_0046_0030_0030.jpg 1 34 46 30 30
1142_0032_0018_0027_0027.jpg 1 32 18 27 27
1143_0011_0007_0053_0053.jpg 1 11 7 53 53
1144_0051_0045_0029_0029.jpg 1 51 45 29 29
1145_0039_0044_0032_0032.jpg 1 39 44 32 32
1146_0050_0044_0036_0036.jpg 1 50 44 36 36
1147_0029_0047_0040_0040.jpg 1 29 47 40 40
1148_0048_0020_0026_0026.jpg 1 48 20 26 26
1149_0025_0010_0061_0061.jpg 1 25 10 61 61
1150_0018_0020_0062_0062.jpg 1 18 20 62 62
1151_0025_0021_0062_0062.jpg 1 25 21 62 62
1152_0011_0009_0064_0064.jpg 1 11 9 64 64
1153_0026_0020_0032_0032.jpg 1 26 20 32 32
1154_0009_0005_0054_0054.jpg 1 9 5 54 54
1155_0011_0015_0062_0062.jpg 1 11 15 62 62
1156_0031_0029_0048_0048.jpg 1 31 29 48 48
1157_0011_0038_0047_0047.jpg 1 11 38 47 47
1158_0017_0040_0036_0036.jpg 1 17 40 36 36
1159_0025_0017_0053_0053.jpg 1 25 17 53 53
1160_0017_0050_0035_0035.jpg 1 17 50 35 35
1161_0023_0029_0035_0035.jpg 1 23 29 35 35
1162_0053_0036_0027_0027.jpg 1 53 36 27 27
1163_0019_0011_0068_0068.jpg 1 19 11 68 68
1164_0019_0013_0031_0031.jpg 1 19 13 31 31
1165_0015_0016_0050_0050.jpg 1 15 16 50 50
1166_0004_0023_0065_0065.jpg 1 4 23 65 65
1167_0027_0025_0046_0046.jpg 1 27 25 46 46
1168_0023_0024_0045_0045.jpg 1 23 24 45 45
1169_0044_0018_0025_0025.jpg 1 44 18 25 25
1170_0036_0032_0048_0048.jpg 1 36 32 48 48
1171_0004_0013_0061_0061.jpg 1 4 13 61 61
1172_0008_0022_0055_0055.jpg 1 8 22 55 55
1173_0038_0008_0038_0038.jpg 1 38 8 38 38
1174_0018_0005_0053_0053.jpg 1 18 5 53 53
1175_0023_0006_0053_0053.jpg 1 23 6 53 53
1176_0029_0014_0059_0059.jpg 1 29 14 59 59
1177_0005_0018_0064_0064.jpg 1 5 18 64 64
1178_0029_0033_0040_0040.jpg 1 29 33 40 40
1179_0007_0046_0037_0037.jpg 1 7 46 37 37
1180_0045_0036_0024_0024.jpg 1 45 36 24 24
1181_0047_0050_0036_0036.jpg 1 47 50 36 36
1182_0007_0025_0050_0050.jpg 1 7 25 50 50
1183_0028_0053_0026_0026.jpg 1 28 53 26 26
1184_0011_0053_0030_0030.jpg 1 11 53 30 30
1185_0010_0021_0064_0064.jpg 1 10 21 64 64
1186_0018_0046_0040_0040.jpg 1 18 46 40 40
1187_0007_0007_0030_0030.jpg 1 7 7 30 30
1188_0036_0038_0030_0030.jpg 1 36 38 30 30
1189_0020_0025_0063_0063.jpg 1 20 25 63 63
1190_0050_0041_0024_0024.jpg 1 50 41 24 24
1191_0044_0051_0027_0027.jpg 1 44 51 27 27
1192_0021_0026_0024_0024.jpg 1 21 26 24 24
1193_0017_0040_0024_0024.jpg 1 17 40 24 24
1194_0044_0018_0038_0038.jpg 1 44 18 38 38
1195_0048_0044_0034_0034.jpg 1 48 44 34 34
1196_0007_0008_0051_0051.jpg 1 7 8 51 51
1197_0009_0028_0046_0046.jpg 1 9 28 46 46
1198_0008_0017_0057_0057.jpg 1 8 17 57 57
1199_0015_0016_0038_0038.jpg 1 15 16 38 38
1200_0048_0022_0028_0028.jpg 1 48 22 28 28
1201_0021_0014_0036_0036.jpg 1 21 14 36 36
1202_0049_0047_0028_0028.jpg 1 49 47 28 28
1203_0024_0012_0061_0061.jpg 1 24 12 61 61
1204_0015_0025_0045_0045.jpg 1 15 25 45 45
1205_0024_0047_0029_0029.jpg 1 24 47 29 29
1206_0029_0007_0035_0035.jpg 1 29 7 35 35
1207_0025_0023_0057_0057.jpg 1 25 23 57 57
1208_0013_0012_0044_0044.jpg 1 13 12 44 44
1209_0030_0037_0051_0051.jpg 1 30 37 51 51
1210_0015_0013_0053_0053.jpg 1 15 13 53 53
1211_0048_0031_0029_0029.jpg 1 48 31 29 29
1212_0023_0045_0028_0028.jpg 1 23 45 28 28
1213_0025_0033_0054_0054.jpg 1 25 33 54 54
1214_0045_0016_0037_0037.jpg 1 45 16 37 37
1215_0009_0011_0050_0050.jpg 1 9 11 50 50
1216_0042_0041_0046_0046.jpg 1 42 41 46 46
1217_0018_0019_0044_0044.jpg 1 18 19 44 44
1218_0011_0011_0025_0025.jpg 1 11 11 25 25
1219_0018_0006_0048_0048.jpg 1 18 6 48 48
1220_0016_0012_0035_0035.jpg 1 16 12 35 35
1221_0016_0044_0034_0034.jpg 1 16 44 34 34
1222_0046_0031_0029_0029.jpg 1 46 31 29 29
1223_0012_0007_0066_0066.jpg 1 12 7 66 66
1224_0039_0042_0034_0034.jpg 1 39 42 34 34
1225_0038_0039_0033_0033.jpg 1 38 39 33 33
1226_0019_0025_0046_0046.jpg 1 19 25 46 46
1227_0046_0017_0038_0038.jpg 1 46 17 38 38
1228_0025_0004_0060_0060.jpg 1 25 4 60 60
1229_0006_0028_0035_0035.jpg 1 6 28 35 35
1230_0005_0005_0061_0061.jpg 1 5 5 61 61
1231_0031_0020_0050_0050.jpg 1 31 20 50 50
1232_0039_0035_0043_0043.jpg 1 39 35 43 43
1233_0015_0026_0026_0026.jpg 1 15 26 26 26
1234_0009_0016_0046_0046.jpg 1 9 16 46 46
1235_0011_0017_0054_0054.jpg 1 11 17 54 54
1236_0057_0029_0027_0027.jpg 1 57 29 27 27
1237_0012_0033_0044_0044.jpg 1 12 33 44 44
1238_0012_0013_0033_0033.jpg 1 12 13 33 33
1239_0005_0029_0057_0057.jpg 1 5 29 57 57
1240_0010_0014_0062_0062.jpg 1 10 14 62 62
1241_0050_0027_0037_0037.jpg 1 50 27 37 37
1242_0035_0044_0027_0027.jpg 1 35 44 27 27
1243_0034_0037_0031_0031.jpg 1 34 37 31 31
1244_0023_0023_0067_0067.jpg 1 23 23 67 67
1245_0020_0030_0025_0025.jpg 1 20 30 25 25
1246_0015_0019_0063_0063.jpg 1 15 19 63 63
1247_0020_0031_0044_0044.jpg 1 20 31 44 44
1248_0029_0026_0058_0058.jpg 1 29 26 58 58
1249_0022_0026_0031_0031.jpg 1 22 26 31 31
1250_0031_0007_0027_0027.jpg 1 31 7 27 27
1251_0026_0015_0035_0035.jpg 1 26 15 35 35
1252_0022_0037_0042_0042.jpg 1 22 37 42 42
1253_0033_0033_0051_0051.jpg 1 33 33 51 51
1254_0024_0016_0062_0062.jpg 1 24 16 62 62
1255_0024_0021_0056_0056.jpg 1 24 21 56 56
1256_0019_0029_0046_0046.jpg 1 19 29 46 46
1257_0013_0025_0053_0053.jpg 1 13 25 53 53
1258_0023_0013_0061_0061.jpg 1 23 13 61 61
1259_0016_0039_0036_0036.jpg 1 16 39 36 36
1260_0023_0010_0061_0061.jpg 1 23 10 61 61
1261_0048_0042_0037_0037.jpg 1 48 42 37 37
1262_0024_0026_0039_0039.jpg 1 24 26 39 39
1263_0020_0034_0057_0057.jpg 1 20 34 57 57
1264_0008_0030_0035_0035.jpg 1 8 30 35 35
1265_0004_0026_0060_0060.jpg 1 4 26 60 60
1266_0037_0035_0038_0038.jpg 1 37 35 38 38
1267_0028_0011_0045_0045.jpg 1 28 11 45 45
1268_0023_0030_0028_0028.jpg 1 23 30 28 28
1269_0011_0024_0068_0068.jpg 1 11 24 68 68
1270_0010_0030_0042_0042.jpg 1 10 30 42 42
1271_0029_0014_0047_0047.jpg 1 29 14 47 47
1272_0010_0018_0058_0058.jpg 1 10 18 58 58
1273_0025_0040_0045_0045.jpg 1 25 40 45 45
1274_0006_0014_0059_0059.jpg 1 6 14 59 59
1275_0007_0014_0053_0053.jpg 1 7 14 53 53
1276_0009_0041_0038_0038.jpg 1 9 41 38 38
1277_0013_0029_0045_0045.jpg 1 13 29 45 45
1278_0010_0011_0058_0058.jpg 1 10 11 58 58
1279_0011_0030_0047_0047.jpg 1 11 30 47 47
1280_0011_0008_0054_0054.jpg 1 11 8 54 54
1281_0008_0038_0049_0049.jpg 1 8 38 49 49
1282_0010_0009_0066_0066.jpg 1 10 9 66 66
1283_0006_0013_0062_0062.jpg 1 6 13 62 62
1284_0016_0017_0058_0058.jpg 1 16 17 58 58
1285_0010_0010_0069_0069.jpg 1 10 10 69 69
1286_0018_0026_0066_0066.jpg 1 18 26 66 66
1287_0020_0044_0031_0031.jpg 1 20 44 31 31
1288_0024_0024_0069_0069.jpg 1 24 24 69 69
1289_0011_0018_0065_0065.jpg 1 11 18 65 65
1290_0010_0021_0065_0065.jpg 1 10 21 65 65
1291_0025_0034_0036_0036.jpg 1 25 34 36 36
1292_0010_0008_0066_0066.jpg 1 10 8 66 66
1293_0009_0024_0054_0054.jpg 1 9 24 54 54
1294_0025_0023_0055_0055.jpg 1 25 23 55 55
1295_0035_0052_0034_0034.jpg 1 35 52 34 34
1296_0021_0028_0028_0028.jpg 1 21 28 28 28
1297_0028_0009_0060_0060.jpg 1 28 9 60 60
1298_0020_0020_0053_0053.jpg 1 20 20 53 53
1299_0018_0017_0029_0029.jpg 1 18 17 29 29
1300_0026_0010_0052_0052.jpg 1 26 10 52 52
1301_0022_0025_0062_0062.jpg 1 22 25 62 62
1302_0028_0011_0050_0050.jpg 1 28 11 50 50
1303_0042_0007_0037_0037.jpg 1 42 7 37 37
1304_0029_0040_0045_0045.jpg 1 29 40 45 45
1305_0027_0059_0024_0024.jpg 1 27 59 24 24
1306_0028_0036_0047_0047.jpg 1 28 36 47 47
1307_0048_0020_0033_0033.jpg 1 48 20 33 33
1308_0053_0016_0024_0024.jpg 1 53 16 24 24
1309_0012_0033_0039_0039.jpg 1 12 33 39 39
1310_0006_0025_0057_0057.jpg 1 6 25 57 57
1311_0010_0054_0031_0031.jpg 1 10 54 31 31
1312_0013_0016_0069_0069.jpg 1 13 16 69 69
1313_0021_0023_0063_0063.jpg 1 21 23 63 63
1314_0035_0042_0041_0041.jpg 1 35 42 41 41
1315_0039_0044_0027_0027.jpg 1 39 44 27 27
1316_0030_0015_0060_0060.jpg 1 30 15 60 60
1317_0026_0038_0040_0040.jpg 1 26 38 40 40
1318_0008_0018_0051_0051.jpg 1 8 18 51 51
1319_0004_0006_0067_0067.jpg 1 4 6 67 67
1320_0028_0013_0041_0041.jpg 1 28 13 41 41
1321_0042_0008_0031_0031.jpg 1 42 8 31 31
1322_0011_0018_0056_0056.jpg 1 11 18 56 56
1323_0029_0033_0044_0044.jpg 1 29 33 44 44
1324_0027_0022_0049_0049.jpg 1 27 22 49 49
1325_0006_0023_0046_0046.jpg 1 6 23 46 46
1326_0014_0011_0066_0066.jpg 1 14 11 66 66
1327_0041_0016_0034_0034.jpg 1 41 16 34 34
1328_0021_0016_0054_0054.jpg 1 21 16 54 54
1329_0050_0021_0034_0034.jpg 1 50 21 34 34
1330_0033_0031_0031_0031.jpg 1 33 31 31 31
1331_0014_0041_0025_0025.jpg 1 14 41 25 25
1332_0027_0021_0044_0044.jpg 1 27 21 44 44
1333_0047_0025_0036_0036.jpg 1 47 25 36 36
1334_0016_0030_0057_0057.jpg 1 16 30 57 57
1335_0011_0038_0047_0047.jpg 1 11 38 47 47
1336_0017_0014_0050_0050.jpg 1 17 14 50 50
1337_0018_0007_0061_0061.jpg 1 18 7 61 61
1338_0025_0018_0036_0036.jpg 1 25 18 36 36
1339_0016_0018_0043_0043.jpg 1 16 18 43 43
1340_0010_0011_0032_0032.jpg 1 10 11 32 32
1341_0015_0025_0030_0030.jpg 1 15 25 30 30
1342_0009_0006_0055_0055.jpg 1 9 6 55 55
1343_0027_0009_0031_0031.jpg 1 27 9 31 31
1344_0026_0008_0065_0065.jpg 1 26 8 65 65
1345_0007_0052_0033_0033.jpg 1 7 52 33 33
1346_0005_0004_0068_0068.jpg 1 5 4 68 68
1347_0011_0027_0056_0056.jpg 1 11 27 56 56
1348_0022_0023_0069_0069.jpg 1 22 23 69 69
1349_0007_0021_0067_0067.jpg 1 7 21 67 67
1350_0019_0004_0059_0059.jpg 1 19 4 59 59
1351_0022_0006_0041_0041.jpg 1 22 6 41 41
1352_0037_0036_0032_0032.jpg 1 37 36 32 32
1353_0026_0021_0052_0052.jpg 1 26 21 52 52
1354_0031_0016_0029_0029.jpg 1 31 16 29 29
1355_0017_0013_0055_0055.jpg 1 17 13 55 55
1356_0028_0010_0064_0064.jpg 1 28 10 64 64
1357_0037_0028_0035_0035.jpg 1 37 28 35 35
1358_0049_0029_0035_0035.jpg 1 49 29 35 35
1359_0033_0053_0026_0026.jpg 1 33 53 26 26
1360_0029_0032_0048_0048.jpg 1 29 32 48 48
1361_0050_0032_0033_0033.jpg 1 50 32 33 33
1362_0012_0017_0058_0058.jpg 1 12 17 58 58
1363_0044_0040_0040_0040.jpg 1 44 40 40 40
1364_0025_0021_0066_0066.jpg 1 25 21 66 66
1365_0030_0026_0056_0056.jpg 1 30 26 56 56
1366_0015_0040_0033_0033.jpg 1 15 40 33 33
1367_0011_0024_0054_0054.jpg 1 11 24 54 54
1368_0007_0015_0058_0058.jpg 1 7 15 58 58
1369_0016_0008_0040_0040.jpg 1 16 8 40 40
1370_0010_0029_0053_0053.jpg 1 10 29 53 53
1371_0023_0044_0040_0040.jpg 1 23 44 40 40
1372_0011_0044_0042_0042.jpg 1 11 44 42 42
1373_0009_0020_0040_0040.jpg 1 9 20 40 40
1374_0036_0053_0025_0025.jpg 1 36 53 25 25
1375_0027_0009_0038_0038.jpg 1 27 9 38 38
1376_0030_0022_0046_0046.jpg 1 30 22 46 46
1377_0010_0026_0027_0027.jpg 1 10 26 27 27
1378_0011_0021_0059_0059.jpg 1 11 21 59 59
1379_0013_0019_0057_0057.jpg 1 13 19 57 57
1380_0026_0010_0029_0029.jpg 1 26 10 29 29
1381_0017_0024_0054_0054.jpg 1 17 24 54 54
1382_0020_0013_0061_0061.jpg 1 20 13 61 61
1383_0022_0022_0054_0054.jpg 1 22 22 54 54
1384_0020_0025_0066_0066.jpg 1 20 25 66 66
1385_0013_0022_0065_0065.jpg 1 13 22 65 65
1386_0018_0018_0040_0040.jpg 1 18 18 40 40
1387_0009_0013_0050_0050.jpg 1 9 13 50 50
1388_0009_0035_0031_0031.jpg 1 9 35 31 31
1389_0018_0004_0062_0062.jpg 1 18 4 62 62
1390_0022_0020_0056_0056.jpg 1 22 20 56 56
1391_0004_0025_0061_0061.jpg 1 4 25 61 61
1392_0022_0025_0065_0065.jpg 1 22 25 65 65
1393_0021_0008_0053_0053.jpg 1 21 8 53 53
1394_0017_0010_0061_0061.jpg 1 17 10 61 61
1395_0007_0009_0049_0049.jpg 1 7 9 49 49
1396_0011_0038_0051_0051.jpg 1 11 38 51 51
1397_0026_0028_0045_0045.jpg 1 26 28 45 45
1398_0014_0043_0041_0041.jpg 1 14 43 41 41
1399_0004_0026_0065_0065.jpg 1 4 26 65 65
1400_0033_0013_0037_0037.jpg 1 33 13 37 37
1401_0026_0023_0065_0065.jpg 1 26 23 65 65
1402_0026_0018_0051_0051.jpg 1 26 18 51 51
1403_0044_0024_0035_0035.jpg 1 44 24 35 35
1404_0031_0015_0048_0048.jpg 1 31 15 48 48
1405_0028_0013_0051_0051.jpg 1 28 13 51 51
1406_0016_0007_0065_0065.jpg 1 16 7 65 65
1407_0024_0021_0060_0060.jpg 1 24 21 60 60
1408_0032_0027_0040_0040.jpg 1 32 27 40 40
1409_0046_0036_0039_0039.jpg 1 46 36 39 39
1410_0019_0003_0062_0062.jpg 1 19 3 62 62
1411_0050_0036_0032_0032.jpg 1 50 36 32 32
1412_0032_0031_0035_0035.jpg 1 32 31 35 35
1413_0027_0013_0039_0039.jpg 1 27 13 39 39
1414_0007_0019_0057_0057.jpg 1 7 19 57 57
1415_0025_0026_0065_0065.jpg 1 25 26 65 65
1416_0017_0005_0050_0050.jpg 1 17 5 50 50
1417_0012_0027_0062_0062.jpg 1 12 27 62 62
1418_0008_0020_0045_0045.jpg 1 8 20 45 45
1419_0017_0019_0069_0069.jpg 1 17 19 69 69
1420_0043_0022_0044_0044.jpg 1 43 22 44 44
1421_0053_0044_0029_0029.jpg 1 53 44 29 29
1422_0010_0025_0056_0056.jpg 1 10 25 56 56
1423_0029_0025_0040_0040.jpg 1 29 25 40 40
1424_0047_0053_0031_0031.jpg 1 47 53 31 31
1425_0031_0027_0043_0043.jpg 1 31 27 43 43
1426_0036_0032_0040_0040.jpg 1 36 32 40 40
1427_0026_0005_0049_0049.jpg 1 26 5 49 49
1428_0018_0042_0044_0044.jpg 1 18 42 44 44
1429_0048_0031_0033_0033.jpg 1 48 31 33 33
1430_0013_0030_0041_0041.jpg 1 13 30 41 41
1431_0021_0039_0047_0047.jpg 1 21 39 47 47
1432_0016_0024_0035_0035.jpg 1 16 24 35 35
1433_0019_0004_0057_0057.jpg 1 19 4 57 57
1434_0031_0018_0058_0058.jpg 1 31 18 58 58
1435_0022_0030_0062_0062.jpg 1 22 30 62 62
1436_0032_0037_0036_0036.jpg 1 32 37 36 36
1437_0048_0060_0024_0024.jpg 1 48 60 24 24
1438_0021_0010_0056_0056.jpg 1 21 10 56 56
1439_0035_0021_0055_0055.jpg 1 35 21 55 55
1440_0028_0010_0064_0064.jpg 1 28 10 64 64
1441_0004_0017_0053_0053.jpg 1 4 17 53 53
1442_0024_0012_0064_0064.jpg 1 24 12 64 64
1443_0023_0023_0062_0062.jpg 1 23 23 62 62
1444_0048_0019_0027_0027.jpg 1 48 19 27 27
1445_0025_0008_0025_0025.jpg 1 25 8 25 25
1446_0006_0017_0045_0045.jpg 1 6 17 45 45
1447_0025_0014_0044_0044.jpg 1 25 14 44 44
1448_0006_0008_0046_0046.jpg 1 6 8 46 46
1449_0034_0018_0051_0051.jpg 1 34 18 51 51
1450_0037_0036_0038_0038.jpg 1 37 36 38 38
1451_0007_0005_0060_0060.jpg 1 7 5 60 60
1452_0021_0013_0065_0065.jpg 1 21 13 65 65
1453_0029_0020_0030_0030.jpg 1 29 20 30 30
1454_0033_0044_0034_0034.jpg 1 33 44 34 34
1455_0025_0013_0062_0062.jpg 1 25 13 62 62
1456_0043_0040_0029_0029.jpg 1 43 40 29 29
1457_0033_0008_0056_0056.jpg 1 33 8 56 56
1458_0011_0027_0029_0029.jpg 1 11 27 29 29
1459_0022_0013_0062_0062.jpg 1 22 13 62 62
1460_0015_0026_0046_0046.jpg 1 15 26 46 46
1461_0023_0035_0047_0047.jpg 1 23 35 47 47
1462_0010_0042_0038_0038.jpg 1 10 42 38 38
1463_0028_0028_0037_0037.jpg 1 28 28 37 37
1464_0019_0019_0058_0058.jpg 1 19 19 58 58
1465_0037_0012_0031_0031.jpg 1 37 12 31 31
1466_0032_0007_0057_0057.jpg 1 32 7 57 57
1467_0024_0028_0047_0047.jpg 1 24 28 47 47
1468_0038_0021_0048_0048.jpg 1 38 21 48 48
1469_0037_0041_0044_0044.jpg 1 37 41 44 44
1470_0041_0013_0036_0036.jpg 1 41 13 36 36
1471_0025_0032_0048_0048.jpg 1 25 32 48 48
1472_0021_0011_0056_0056.jpg 1 21 11 56 56
1473_0043_0048_0025_0025.jpg 1 43 48 25 25
1474_0013_0009_0063_0063.jpg 1 13 9 63 63
1475_0041_0033_0033_0033.jpg 1 41 33 33 33
1476_0023_0014_0049_0049.jpg 1 23 14 49 49
1477_0019_0021_0025_0025.jpg 1 19 21 25 25
1478_0020_0021_0030_0030.jpg 1 20 21 30 30
1479_0027_0015_0061_0061.jpg 1 27 15 61 61
1480_0014_0027_0037_0037.jpg 1 14 27 37 37
1481_0018_0012_0066_0066.jpg 1 18 12 66 66
1482_0055_0046_0030_0030.jpg 1 55 46 30 30
1483_0030_0006_0040_0040.jpg 1 30 6 40 40
1484_0018_0039_0028_0028.jpg 1 18 39 28 28
1485_0012_0007_0051_0051.jpg 1 12 7 51 51
1486_0015_0015_0027_0027.jpg 1 15 15 27 27
1487_0006_0007_0054_0054.jpg 1 6 7 54 54
1488_0027_0027_0055_0055.jpg 1 27 27 55 55
1489_0021_0012_0046_0046.jpg 1 21 12 46 46
1490_0010_0015_0044_0044.jpg 1 10 15 44 44
1491_0031_0028_0032_0032.jpg 1 31 28 32 32
1492_0019_0017_0058_0058.jpg 1 19 17 58 58
1493_0007_0012_0060_0060.jpg 1 7 12 60 60
1494_0033_0022_0035_0035.jpg 1 33 22 35 35
1495_0027_0030_0048_0048.jpg 1 27 30 48 48
1496_0031_0024_0056_0056.jpg 1 31 24 56 56
1497_0008_0041_0044_0044.jpg 1 8 41 44 44
1498_0046_0045_0035_0035.jpg 1 46 45 35 35
1499_0042_0041_0035_0035.jpg 1 42 41 35 35
1500_0015_0005_0057_0057.jpg 1 15 5 57 57
1501_0014_0024_0028_0028.jpg 1 14 24 28 28
1502_0018_0027_0060_0060.jpg 1 18 27 60 60
1503_0035_0026_0051_0051.jpg 1 35 26 51 51
1504_0010_0010_0042_0042.jpg 1 10 10 42 42
1505_0009_0027_0060_0060.jpg 1 9 27 60 60
1506_0034_0047_0036_0036.jpg 1 34 47 36 36
1507_0015_0018_0057_0057.jpg 1 15 18 57 57
1508_0016_0020_0059_0059.jpg 1 16 20 59 59
1509_0008_0014_0032_0032.jpg 1 8 14 32 32
1510_0008_0012_0041_0041.jpg 1 8 12 41 41
1511_0005_0015_0067_0067.jpg 1 5 15 67 67
1512_0019_0005_0063_0063.jpg 1 19 5 63 63
1513_0044_0030_0033_0033.jpg 1 44 30 33 33
1514_0029_0032_0055_0055.jpg 1 29 32 55 55
1515_0012_0012_0045_0045.jpg 1 12 12 45 45
1516_0049_0012_0028_0028.jpg 1 49 12 28 28
1517_0041_0032_0044_0044.jpg 1 41 32 44 44
1518_0020_0033_0054_0054.jpg 1 20 33 54 54
1519_0035_0032_0051_0051.jpg 1 35 32 51 51
1520_0006_0031_0059_0059.jpg 1 6 31 59 59
1521_0011_0011_0042_0042.jpg 1 11 11 42 42
1522_0027_0046_0031_0031.jpg 1 27 46 31 31
1523_0019_0034_0039_0039.jpg 1 19 34 39 39
1524_0036_0042_0040_0040.jpg 1 36 42 40 40
1525_0046_0009_0037_0037.jpg 1 46 9 37 37
1526_0028_0016_0032_0032.jpg 1 28 16 32 32
1527_0007_0013_0061_0061.jpg 1 7 13 61 61
1528_0047_0043_0033_0033.jpg 1 47 43 33 33
1529_0022_0009_0062_0062.jpg 1 22 9 62 62
1530_0009_0035_0048_0048.jpg 1 9 35 48 48
1531_0045_0008_0042_0042.jpg 1 45 8 42 42
1532_0015_0011_0042_0042.jpg 1 15 11 42 42
1533_0033_0023_0042_0042.jpg 1 33 23 42 42
1534_0012_0006_0061_0061.jpg 1 12 6 61 61
1535_0013_0019_0042_0042.jpg 1 13 19 42 42
1536_0006_0011_0059_0059.jpg 1 6 11 59 59
1537_0005_0005_0058_0058.jpg 1 5 5 58 58
1538_0014_0018_0065_0065.jpg 1 14 18 65 65
1539_0018_0016_0060_0060.jpg 1 18 16 60 60
1540_0013_0013_0042_0042.jpg 1 13 13 42 42
1541_0040_0007_0042_0042.jpg 1 40 7 42 42
1542_0028_0019_0056_0056.jpg 1 28 19 56 56
1543_0035_0013_0024_0024.jpg 1 35 13 24 24
1544_0013_0028_0057_0057.jpg 1 13 28 57 57
1545_0038_0049_0028_0028.jpg 1 38 49 28 28
1546_0039_0015_0048_0048.jpg 1 39 15 48 48
1547_0014_0024_0066_0066.jpg 1 14 24 66 66
1548_0012_0009_0048_0048.jpg 1 12 9 48 48
1549_0028_0034_0052_0052.jpg 1 28 34 52 52
1550_0004_0004_0069_0069.jpg 1 4 4 69 69
1551_0013_0018_0056_0056.jpg 1 13 18 56 56
1552_0010_0033_0036_0036.jpg 1 10 33 36 36
1553_0027_0021_0065_0065.jpg 1 27 21 65 65
1554_0027_0030_0037_0037.jpg 1 27 30 37 37
1555_0041_0033_0024_0024.jpg 1 41 33 24 24
1556_0018_0006_0067_0067.jpg 1 18 6 67 67
1557_0033_0023_0053_0053.jpg 1 33 23 53 53
1558_0035_0009_0053_0053.jpg 1 35 9 53 53
1559_0020_0004_0067_0067.jpg 1 20 4 67 67
1560_0015_0025_0065_0065.jpg 1 15 25 65 65
1561_0018_0016_0063_0063.jpg 1 18 16 63 63
1562_0030_0030_0060_0060.jpg 1 30 30 60 60
1563_0036_0032_0038_0038.jpg 1 36 32 38 38
1564_0027_0016_0055_0055.jpg 1 27 16 55 55
1565_0019_0026_0055_0055.jpg 1 19 26 55 55
1566_0037_0016_0052_0052.jpg 1 37 16 52 52
1567_0021_0018_0036_0036.jpg 1 21 18 36 36
1568_0026_0041_0033_0033.jpg 1 26 41 33 33
1569_0016_0046_0041_0041.jpg 1 16 46 41 41
1570_0037_0046_0028_0028.jpg 1 37 46 28 28
1571_0013_0020_0040_0040.jpg 1 13 20 40 40
1572_0007_0009_0066_0066.jpg 1 7 9 66 66
1573_0022_0041_0031_0031.jpg 1 22 41 31 31
1574_0020_0006_0045_0045.jpg 1 20 6 45 45
1575_0023_0028_0033_0033.jpg 1 23 28 33 33
1576_0022_0021_0033_0033.jpg 1 22 21 33 33
1577_0010_0018_0063_0063.jpg 1 10 18 63 63
1578_0020_0044_0030_0030.jpg 1 20 44 30 30
1579_0007_0037_0046_0046.jpg 1 7 37 46 46
1580_0020_0022_0041_0041.jpg 1 20 22 41 41
1581_0017_0006_0063_0063.jpg 1 17 6 63 63
1582_0014_0025_0066_0066.jpg 1 14 25 66 66
1583_0005_0006_0062_0062.jpg 1 5 6 62 62
1584_0010_0042_0033_0033.jpg 1 10 42 33 33
1585_0024_0008_0057_0057.jpg 1 24 8 57 57
1586_0015_0025_0047_0047.jpg 1 15 25 47 47
1587_0032_0030_0059_0059.jpg 1 32 30 59 59
1588_0036_0006_0042_0042.jpg 1 36 6 42 42
1589_0032_0031_0045_0045.jpg 1 32 31 45 45
1590_0011_0007_0044_0044.jpg 1 11 7 44 44
1591_0018_0007_0032_0032.jpg 1 18 7 32 32
1592_0005_0020_0056_0056.jpg 1 5 20 56 56
1593_0037_0005_0049_0049.jpg 1 37 5 49 49
1594_0051_0031_0028_0028.jpg 1 51 31 28 28
1595_0038_0016_0047_0047.jpg 1 38 16 47 47
1596_0020_0020_0056_0056.jpg 1 20 20 56 56
1597_0032_0030_0049_0049.jpg 1 32 30 49 49
1598_0012_0038_0051_0051.jpg 1 12 38 51 51
1599_0008_0016_0069_0069.jpg 1 8 16 69 69
1600_0009_0021_0050_0050.jpg 1 9 21 50 50
1601_0032_0012_0031_0031.jpg 1 32 12 31 31
1602_0008_0018_0067_0067.jpg 1 8 18 67 67
1603_0032_0021_0042_0042.jpg 1 32 21 42 42
1604_0031_0006_0049_0049.jpg 1 31 6 49 49
1605_0013_0024_0069_0069.jpg 1 13 24 69 69
1606_0041_0042_0040_0040.jpg 1 41 42 40 40
1607_0008_0025_0060_0060.jpg 1 8 25 60 60
1608_0014_0014_0049_0049.jpg 1 14 14 49 49
1609_0017_0006_0050_0050.jpg 1 17 6 50 50
1610_0047_0039_0039_0039.jpg 1 47 39 39 39
1611_0007_0031_0027_0027.jpg 1 7 31 27 27
1612_0011_0035_0040_0040.jpg 1 11 35 40 40
1613_0007_0006_0063_0063.jpg 1 7 6 63 63
1614_0017_0020_0051_0051.jpg 1 17 20 51 51
1615_0009_0022_0032_0032.jpg 1 9 22 32 32
1616_0006_0012_0047_0047.jpg 1 6 12 47 47
1617_0014_0009_0052_0052.jpg 1 14 9 52 52
1618_0020_0023_0065_0065.jpg 1 20 23 65 65
1619_0022_0005_0055_0055.jpg 1 22 5 55 55
1620_0046_0016_0035_0035.jpg 1 46 16 35 35
1621_0054_0049_0027_0027.jpg 1 54 49 27 27
1622_0028_0016_0030_0030.jpg 1 28 16 30 30
1623_0016_0008_0054_0054.jpg 1 16 8 54 54
1624_0050_0009_0036_0036.jpg 1 50 9 36 36
1625_0019_0023_0062_0062.jpg 1 19 23 62 62
1626_0017_0018_0027_0027.jpg 1 17 18 27 27
1627_0032_0051_0024_0024.jpg 1 32 51 24 24
1628_0030_0019_0029_0029.jpg 1 30 19 29 29
1629_0025_0008_0042_0042.jpg 1 25 8 42 42
1630_0035_0010_0028_0028.jpg 1 35 10 28 28
1631_0025_0011_0043_0043.jpg 1 25 11 43 43
1632_0031_0023_0032_0032.jpg 1 31 23 32 32
1633_0035_0028_0032_0032.jpg 1 35 28 32 32
1634_0005_0021_0051_0051.jpg 1 5 21 51 51
1635_0029_0012_0057_0057.jpg 1 29 12 57 57
1636_0010_0042_0043_0043.jpg 1 10 42 43 43
1637_0027_0023_0052_0052.jpg 1 27 23 52 52
1638_0043_0050_0026_0026.jpg 1 43 50 26 26
1639_0008_0044_0044_0044.jpg 1 8 44 44 44
1640_0020_0038_0050_0050.jpg 1 20 38 50 50
1641_0023_0011_0060_0060.jpg 1 23 11 60 60
1642_0007_0034_0052_0052.jpg 1 7 34 52 52
1643_0026_0031_0047_0047.jpg 1 26 31 47 47
1644_0036_0023_0047_0047.jpg 1 36 23 47 47
1645_0008_0043_0033_0033.jpg 1 8 43 33 33
1646_0010_0012_0033_0033.jpg 1 10 12 33 33
1647_0011_0041_0029_0029.jpg 1 11 41 29 29
1648_0024_0031_0058_0058.jpg 1 24 31 58 58
1649_0029_0011_0042_0042.jpg 1 29 11 42 42
1650_0036_0026_0040_0040.jpg 1 36 26 40 40
1651_0025_0008_0065_0065.jpg 1 25 8 65 65
1652_0039_0008_0042_0042.jpg 1 39 8 42 42
1653_0005_0027_0054_0054.jpg 1 5 27 54 54
1654_0009_0015_0051_0051.jpg 1 9 15 51 51
1655_0047_0027_0032_0032.jpg 1 47 27 32 32
1656_0024_0006_0052_0052.jpg 1 24 6 52 52
1657_0031_0024_0058_0058.jpg 1 31 24 58 58
1658_0019_0034_0045_0045.jpg 1 19 34 45 45
1659_0019_0012_0056_0056.jpg 1 19 12 56 56
1660_0015_0020_0061_0061.jpg 1 15 20 61 61
1661_0050_0054_0025_0025.jpg 1 50 54 25 25
1662_0052_0036_0031_0031.jpg 1 52 36 31 31
1663_0043_0019_0025_0025.jpg 1 43 19 25 25
1664_0029_0040_0044_0044.jpg 1 29 40 44 44
1665_0016_0020_0051_0051.jpg 1 16 20 51 51
1666_0011_0036_0048_0048.jpg 1 11 36 48 48
1667_0027_0030_0055_0055.jpg 1 27 30 55 55
1668_0035_0054_0027_0027.jpg 1 35 54 27 27
1669_0008_0012_0038_0038.jpg 1 8 12 38 38
1670_0017_0012_0044_0044.jpg 1 17 12 44 44
1671_0019_0013_0046_0046.jpg 1 19 13 46 46
1672_0020_0018_0049_0049.jpg 1 20 18 49 49
1673_0029_0007_0031_0031.jpg 1 29 7 31 31
1674_0008_0007_0037_0037.jpg 1 8 7 37 37
1675_0039_0040_0029_0029.jpg 1 39 40 29 29
1676_0027_0030_0040_0040.jpg 1 27 30 40 40
1677_0016_0031_0039_0039.jpg 1 16 31 39 39
1678_0026_0017_0034_0034.jpg 1 26 17 34 34
1679_0017_0010_0052_0052.jpg 1 17 10 52 52
1680_0018_0023_0047_0047.jpg 1 18 23 47 47
1681_0028_0018_0056_0056.jpg 1 28 18 56 56
1682_0023_0012_0062_0062.jpg 1 23 12 62 62
1683_0016_0032_0059_0059.jpg 1 16 32 59 59
1684_0027_0028_0062_0062.jpg 1 27 28 62 62
1685_0045_0018_0029_0029.jpg 1 45 18 29 29
1686_0049_0022_0031_0031.jpg 1 49 22 31 31
1687_0012_0038_0040_0040.jpg 1 12 38 40 40
1688_0007_0022_0051_0051.jpg 1 7 22 51 51
1689_0023_0007_0056_0056.jpg 1 23 7 56 56
1690_0023_0015_0042_0042.jpg 1 23 15 42 42
1691_0007_0019_0060_0060.jpg 1 7 19 60 60
1692_0027_0024_0024_0024.jpg 1 27 24 24 24
1693_0034_0027_0040_0040.jpg 1 34 27 40 40
1694_0009_0010_0041_0041.jpg 1 9 10 41 41
1695_0033_0032_0048_0048.jpg 1 33 32 48 48
1696_0037_0026_0052_0052.jpg 1 37 26 52 52
1697_0021_0004_0059_0059.jpg 1 21 4 59 59
1698_0018_0022_0050_0050.jpg 1 18 22 50 50
1699_0014_0053_0030_0030.jpg 1 14 53 30 30
1700_0034_0037_0041_0041.jpg 1 34 37 41 41
1701_0015_0040_0049_0049.jpg 1 15 40 49 49
1702_0050_0020_0034_0034.jpg 1 50 20 34 34
1703_0045_0019_0042_0042.jpg 1 45 19 42 42
1704_0035_0027_0056_0056.jpg 1 35 27 56 56
1705_0007_0027_0043_0043.jpg 1 7 27 43 43
1706_0024_0015_0067_0067.jpg 1 24 15 67 67
1707_0032_0029_0058_0058.jpg 1 32 29 58 58
1708_0025_0006_0054_0054.jpg 1 25 6 54 54
1709_0019_0017_0069_0069.jpg 1 19 17 69 69
1710_0010_0007_0069_0069.jpg 1 10 7 69 69
1711_0029_0014_0057_0057.jpg 1 29 14 57 57
1712_0038_0014_0039_0039.jpg 1 38 14 39 39
1713_0024_0018_0061_0061.jpg 1 24 18 61 61
1714_0021_0008_0057_0057.jpg 1 21 8 57 57
1715_0033_0007_0038_0038.jpg 1 33 7 38 38
1716_0008_0021_0066_0066.jpg 1 8 21 66 66
1717_0023_0031_0044_0044.jpg 1 23 31 44 44
1718_0006_0027_0061_0061.jpg 1 6 27 61 61
1719_0018_0018_0067_0067.jpg 1 18 18 67 67
1720_0009_0029_0063_0063.jpg 1 9 29 63 63
1721_0019_0011_0055_0055.jpg 1 19 11 55 55
1722_0014_0022_0069_0069.jpg 1 14 22 69 69
1723_0026_0006_0043_0043.jpg 1 26 6 43 43
1724_0022_0019_0069_0069.jpg 1 22 19 69 69
1725_0017_0042_0044_0044.jpg 1 17 42 44 44
1726_0055_0053_0024_0024.jpg 1 55 53 24 24
1727_0020_0005_0067_0067.jpg 1 20 5 67 67
1728_0034_0042_0037_0037.jpg 1 34 42 37 37
1729_0045_0045_0042_0042.jpg 1 45 45 42 42
1730_0032_0012_0046_0046.jpg 1 32 12 46 46
1731_0051_0027_0024_0024.jpg 1 51 27 24 24
1732_0009_0008_0064_0064.jpg 1 9 8 64 64
1733_0011_0038_0033_0033.jpg 1 11 38 33 33
1734_0030_0030_0046_0046.jpg 1 30 30 46 46
1735_0003_0011_0069_0069.jpg 1 3 11 69 69
1736_0025_0035_0043_0043.jpg 1 25 35 43 43
1737_0023_0009_0062_0062.jpg 1 23 9 62 62
1738_0019_0027_0064_0064.jpg 1 19 27 64 64
1739_0027_0018_0045_0045.jpg 1 27 18 45 45
1740_0033_0042_0028_0028.jpg 1 33 42 28 28
1741_0034_0031_0037_0037.jpg 1 34 31 37 37
1742_0037_0021_0046_0046.jpg 1 37 21 46 46
1743_0031_0037_0026_0026.jpg 1 31 37 26 26
1744_0024_0018_0057_0057.jpg 1 24 18 57 57
1745_0016_0020_0031_0031.jpg 1 16 20 31 31
1746_0013_0013_0029_0029.jpg 1 13 13 29 29
1747_0035_0030_0045_0045.jpg 1 35 30 45 45
1748_0034_0041_0044_0044.jpg 1 34 41 44 44
1749_0029_0032_0036_0036.jpg 1 29 32 36 36
1750_0009_0018_0037_0037.jpg 1 9 18 37 37
1751_0031_0041_0028_0028.jpg 1 31 41 28 28
1752_0024_0026_0066_0066.jpg 1 24 26 66 66
1753_0004_0016_0067_0067.jpg 1 4 16 67 67
1754_0023_0015_0050_0050.jpg 1 23 15 50 50
1755_0005_0009_0057_0057.jpg 1 5 9 57 57
1756_0027_0016_0041_0041.jpg 1 27 16 41 41
1757_0043_0024_0042_0042.jpg 1 43 24 42 42
1758_0024_0017_0058_0058.jpg 1 24 17 58 58
1759_0054_0039_0030_0030.jpg 1 54 39 30 30
1760_0038_0035_0026_0026.jpg 1 38 35 26 26
1761_0023_0012_0046_0046.jpg 1 23 12 46 46
1762_0016_0018_0066_0066.jpg 1 16 18 66 66
1763_0017_0048_0030_0030.jpg 1 17 48 30 30
1764_0019_0028_0038_0038.jpg 1 19 28 38 38
1765_0039_0053_0028_0028.jpg 1 39 53 28 28
1766_0028_0014_0055_0055.jpg 1 28 14 55 55
1767_0036_0034_0044_0044.jpg 1 36 34 44 44
1768_0020_0017_0045_0045.jpg 1 20 17 45 45
1769_0025_0028_0056_0056.jpg 1 25 28 56 56
1770_0005_0005_0063_0063.jpg 1 5 5 63 63
1771_0023_0016_0062_0062.jpg 1 23 16 62 62
1772_0022_0010_0058_0058.jpg 1 22 10 58 58
1773_0019_0007_0061_0061.jpg 1 19 7 61 61
1774_0006_0009_0059_0059.jpg 1 6 9 59 59
1775_0008_0041_0033_0033.jpg 1 8 41 33 33
1776_0007_0028_0063_0063.jpg 1 7 28 63 63
1777_0050_0026_0024_0024.jpg 1 50 26 24 24
1778_0022_0009_0044_0044.jpg 1 22 9 44 44
1779_0007_0041_0047_0047.jpg 1 7 41 47 47
1780_0017_0029_0027_0027.jpg 1 17 29 27 27
1781_0016_0035_0031_0031.jpg 1 16 35 31 31
1782_0035_0005_0051_0051.jpg 1 35 5 51 51
1783_0013_0043_0033_0033.jpg 1 13 43 33 33
1784_0056_0048_0029_0029.jpg 1 56 48 29 29
1785_0022_0014_0066_0066.jpg 1 22 14 66 66
1786_0028_0032_0040_0040.jpg 1 28 32 40 40
1787_0021_0022_0062_0062.jpg 1 21 22 62 62
1788_0010_0007_0039_0039.jpg 1 10 7 39 39
1789_0021_0025_0063_0063.jpg 1 21 25 63 63
1790_0006_0017_0061_0061.jpg 1 6 17 61 61
1791_0013_0007_0059_0059.jpg 1 13 7 59 59
1792_0026_0005_0066_0066.jpg 1 26 5 66 66
1793_0012_0006_0061_0061.jpg 1 12 6 61 61
1794_0006_0023_0051_0051.jpg 1 6 23 51 51
1795_0036_0018_0052_0052.jpg 1 36 18 52 52
1796_0028_0009_0058_0058.jpg 1 28 9 58 58
1797_0011_0029_0045_0045.jpg 1 11 29 45 45
1798_0013_0014_0037_0037.jpg 1 13 14 37 37
1799_0014_0020_0066_0066.jpg 1 14 20 66 66
1800_0036_0019_0026_0026.jpg 1 36 19 26 26
1801_0011_0046_0036_0036.jpg 1 11 46 36 36
1802_0054_0014_0027_0027.jpg 1 54 14 27 27
1803_0034_0023_0053_0053.jpg 1 34 23 53 53
1804_0035_0024_0048_0048.jpg 1 35 24 48 48
1805_0045_0034_0036_0036.jpg 1 45 34 36 36
1806_0015_0030_0037_0037.jpg 1 15 30 37 37
1807_0046_0025_0024_0024.jpg 1 46 25 24 24
1808_0004_0011_0068_0068.jpg 1 4 11 68 68
1809_0020_0040_0029_0029.jpg 1 20 40 29 29
1810_0010_0024_0067_0067.jpg 1 10 24 67 67
1811_0005_0014_0046_0046.jpg 1 5 14 46 46
1812_0031_0008_0048_0048.jpg 1 31 8 48 48
1813_0018_0011_0056_0056.jpg 1 18 11 56 56
1814_0023_0010_0057_0057.jpg 1 23 10 57 57
1815_0008_0029_0037_0037.jpg 1 8 29 37 37
1816_0018_0006_0043_0043.jpg 1 18 6 43 43
1817_0033_0008_0058_0058.jpg 1 33 8 58 58
1818_0013_0017_0047_0047.jpg 1 13 17 47 47
1819_0048_0025_0029_0029.jpg 1 48 25 29 29
1820_0007_0026_0037_0037.jpg 1 7 26 37 37
1821_0026_0037_0029_0029.jpg 1 26 37 29 29
1822_0014_0030_0054_0054.jpg 1 14 30 54 54
1823_0009_0004_0063_0063.jpg 1 9 4 63 63
1824_0014_0034_0050_0050.jpg 1 14 34 50 50
1825_0011_0010_0047_0047.jpg 1 11 10 47 47
1826_0048_0019_0031_0031.jpg 1 48 19 31 31
1827_0030_0007_0061_0061.jpg 1 30 7 61 61
1828_0033_0033_0028_0028.jpg 1 33 33 28 28
1829_0006_0025_0057_0057.jpg 1 6 25 57 57
1830_0044_0040_0037_0037.jpg 1 44 40 37 37
1831_0010_0025_0047_0047.jpg 1 10 25 47 47
1832_0025_0030_0058_0058.jpg 1 25 30 58 58
1833_0005_0023_0066_0066.jpg 1 5 23 66 66
1834_0039_0015_0040_0040.jpg 1 39 15 40 40
1835_0037_0016_0049_0049.jpg 1 37 16 49 49
1836_0022_0041_0030_0030.jpg 1 22 41 30 30
1837_0021_0012_0068_0068.jpg 1 21 12 68 68
1838_0006_0036_0049_0049.jpg 1 6 36 49 49
1839_0007_0011_0056_0056.jpg 1 7 11 56 56
1840_0055_0045_0024_0024.jpg 1 55 45 24 24
1841_0022_0021_0061_0061.jpg 1 22 21 61 61
1842_0026_0011_0057_0057.jpg 1 26 11 57 57
1843_0013_0021_0031_0031.jpg 1 13 21 31 31
1844_0025_0010_0052_0052.jpg 1 25 10 52 52
1845_0025_0008_0064_0064.jpg 1 25 8 64 64
1846_0010_0032_0043_0043.jpg 1 10 32 43 43
1847_0040_0006_0039_0039.jpg 1 40 6 39 39
1848_0058_0009_0024_0024.jpg 1 58 9 24 24
1849_0009_0032_0058_0058.jpg 1 9 32 58 58
1850_0043_0018_0043_0043.jpg 1 43 18 43 43
1851_0006_0017_0058_0058.jpg 1 6 17 58 58
1852_0021_0006_0060_0060.jpg 1 21 6 60 60
1853_0007_0023_0066_0066.jpg 1 7 23 66 66
1854_0026_0026_0026_0026.jpg 1 26 26 26 26
1855_0022_0008_0063_0063.jpg 1 22 8 63 63
1856_0030_0025_0047_0047.jpg 1 30 25 47 47
1857_0022_0024_0030_0030.jpg 1 22 24 30 30
1858_0007_0021_0068_0068.jpg 1 7 21 68 68
1859_0023_0009_0060_0060.jpg 1 23 9 60 60
1860_0029_0004_0063_0063.jpg 1 29 4 63 63
1861_0037_0022_0050_0050.jpg 1 37 22 50 50
1862_0006_0021_0060_0060.jpg 1 6 21 60 60
1863_0023_0036_0026_0026.jpg 1 23 36 26 26
1864_0038_0028_0040_0040.jpg 1 38 28 40 40
1865_0024_0019_0027_0027.jpg 1 24 19 27 27
1866_0014_0006_0055_0055.jpg 1 14 6 55 55
1867_0025_0004_0062_0062.jpg 1 25 4 62 62
1868_0028_0034_0049_0049.jpg 1 28 34 49 49
1869_0049_0043_0026_0026.jpg 1 49 43 26 26
1870_0023_0030_0046_0046.jpg 1 23 30 46 46
1871_0017_0015_0065_0065.jpg 1 17 15 65 65
1872_0039_0015_0035_0035.jpg 1 39 15 35 35
1873_0051_0027_0026_0026.jpg 1 51 27 26 26
1874_0042_0017_0041_0041.jpg 1 42 17 41 41
1875_0033_0031_0039_0039.jpg 1 33 31 39 39
1876_0011_0049_0032_0032.jpg 1 11 49 32 32
1877_0022_0018_0063_0063.jpg 1 22 18 63 63
1878_0004_0008_0069_0069.jpg 1 4 8 69 69
1879_0049_0048_0036_0036.jpg 1 49 48 36 36
1880_0026_0014_0061_0061.jpg 1 26 14 61 61
1881_0050_0049_0034_0034.jpg 1 50 49 34 34
1882_0017_0007_0044_0044.jpg 1 17 7 44 44
1883_0020_0026_0044_0044.jpg 1 20 26 44 44
1884_0021_0018_0028_0028.jpg 1 21 18 28 28
1885_0015_0023_0056_0056.jpg 1 15 23 56 56
1886_0051_0025_0033_0033.jpg 1 51 25 33 33
1887_0041_0034_0046_0046.jpg 1 41 34 46 46
1888_0011_0009_0032_0032.jpg 1 11 9 32 32
1889_0013_0014_0068_0068.jpg 1 13 14 68 68
1890_0006_0012_0043_0043.jpg 1 6 12 43 43
1891_0029_0022_0047_0047.jpg 1 29 22 47 47
1892_0010_0021_0067_0067.jpg 1 10 21 67 67
1893_0025_0011_0047_0047.jpg 1 25 11 47 47
1894_0019_0028_0060_0060.jpg 1 19 28 60 60
1895_0031_0012_0036_0036.jpg 1 31 12 36 36
1896_0022_0055_0026_0026.jpg 1 22 55 26 26
1897_0011_0042_0044_0044.jpg 1 11 42 44 44
1898_0023_0041_0033_0033.jpg 1 23 41 33 33
1899_0044_0008_0036_0036.jpg 1 44 8 36 36
1900_0033_0025_0054_0054.jpg 1 33 25 54 54
1901_0008_0048_0026_0026.jpg 1 8 48 26 26
1902_0023_0043_0042_0042.jpg 1 23 43 42 42
1903_0016_0056_0028_0028.jpg 1 16 56 28 28
1904_0042_0007_0034_0034.jpg 1 42 7 34 34
1905_0054_0046_0025_0025.jpg 1 54 46 25 25
1906_0007_0012_0064_0064.jpg 1 7 12 64 64
1907_0031_0007_0045_0045.jpg 1 31 7 45 45
1908_0008_0035_0031_0031.jpg 1 8 35 31 31
1909_0026_0014_0051_0051.jpg 1 26 14 51 51
1910_0006_0022_0066_0066.jpg 1 6 22 66 66
1911_0013_0022_0042_0042.jpg 1 13 22 42 42
1912_0026_0018_0027_0027.jpg 1 26 18 27 27
1913_0022_0028_0043_0043.jpg 1 22 28 43 43
1914_0018_0020_0045_0045.jpg 1 18 20 45 45
1915_0010_0041_0042_0042.jpg 1 10 41 42 42
1916_0006_0021_0060_0060.jpg 1 6 21 60 60
1917_0003_0004_0064_0064.jpg 1 3 4 64 64
1918_0009_0032_0057_0057.jpg 1 9 32 57 57
1919_0027_0055_0029_0029.jpg 1 27 55 29 29
1920_0022_0024_0029_0029.jpg 1 22 24 29 29
1921_0029_0019_0059_0059.jpg 1 29 19 59 59
1922_0048_0021_0037_0037.jpg 1 48 21 37 37
1923_0008_0016_0064_0064.jpg 1 8 16 64 64
1924_0027_0021_0063_0063.jpg 1 27 21 63 63
1925_0012_0010_0066_0066.jpg 1 12 10 66 66
1926_0009_0011_0045_0045.jpg 1 9 11 45 45
1927_0011_0016_0067_0067.jpg 1 11 16 67 67
1928_0007_0031_0049_0049.jpg 1 7 31 49 49
1929_0023_0020_0065_0065.jpg 1 23 20 65 65
1930_0022_0020_0066_0066.jpg 1 22 20 66 66
1931_0034_0035_0024_0024.jpg 1 34 35 24 24
1932_0046_0021_0031_0031.jpg 1 46 21 31 31
1933_0024_0025_0033_0033.jpg 1 24 25 33 33
1934_0024_0027_0061_0061.jpg 1 24 27 61 61
1935_0053_0013_0030_0030.jpg 1 53 13 30 30
1936_0047_0014_0036_0036.jpg 1 47 14 36 36
1937_0032_0008_0057_0057.jpg 1 32 8 57 57
1938_0006_0012_0061_0061.jpg 1 6 12 61 61
1939_0036_0025_0052_0052.jpg 1 36 25 52 52
1940_0029_0017_0053_0053.jpg 1 29 17 53 53
1941_0036_0040_0039_0039.jpg 1 36 40 39 39
1942_0024_0011_0049_0049.jpg 1 24 11 49 49
1943_0015_0028_0052_0052.jpg 1 15 28 52 52
1944_0030_0022_0037_0037.jpg 1 30 22 37 37
1945_0013_0005_0056_0056.jpg 1 13 5 56 56
1946_0034_0006_0057_0057.jpg 1 34 6 57 57
1947_0012_0006_0046_0046.jpg 1 12 6 46 46
1948_0009_0012_0060_0060.jpg 1 9 12 60 60
1949_0021_0017_0024_0024.jpg 1 21 17 24 24
1950_0028_0019_0054_0054.jpg 1 28 19 54 54
1951_0024_0018_0056_0056.jpg 1 24 18 56 56
1952_0005_0035_0052_0052.jpg 1 5 35 52 52
1953_0010_0015_0056_0056.jpg 1 10 15 56 56
1954_0021_0030_0058_0058.jpg 1 21 30 58 58
1955_0022_0006_0044_0044.jpg 1 22 6 44 44
1956_0046_0006_0038_0038.jpg 1 46 6 38 38
1957_0027_0026_0053_0053.jpg 1 27 26 53 53
1958_0007_0037_0047_0047.jpg 1 7 37 47 47
1959_0012_0017_0068_0068.jpg 1 12 17 68 68
1960_0019_0021_0029_0029.jpg 1 19 21 29 29
1961_0011_0009_0060_0060.jpg 1 11 9 60 60
1962_0010_0015_0065_0065.jpg 1 10 15 65 65
1963_0007_0019_0047_0047.jpg 1 7 19 47 47
1964_0035_0039_0041_0041.jpg 1 35 39 41 41
1965_0007_0006_0068_0068.jpg 1 7 6 68 68
1966_0015_0012_0069_0069.jpg 1 15 12 69 69
1967_0028_0030_0046_0046.jpg 1 28 30 46 46
1968_0017_0027_0051_0051.jpg 1 17 27 51 51
1969_0016_0013_0064_0064.jpg 1 16 13 64 64
1970_0034_0021_0031_0031.jpg 1 34 21 31 31
1971_0027_0011_0031_0031.jpg 1 27 11 31 31
1972_0013_0016_0031_0031.jpg 1 13 16 31 31
1973_0017_0039_0038_0038.jpg 1 17 39 38 38
1974_0018_0030_0056_0056.jpg 1 18 30 56 56
1975_0036_0010_0051_0051.jpg 1 36 10 51 51
1976_0007_0005_0053_0053.jpg 1 7 5 53 53
1977_0013_0021_0051_0051.jpg 1 13 21 51 51
1978_0030_0022_0032_0032.jpg 1 30 22 32 32
1979_0032_0015_0032_0032.jpg 1 32 15 32 32
1980_0028_0008_0031_0031.jpg 1 28 8 31 31
1981_0015_0013_0059_0059.jpg 1 15 13 59 59
1982_0009_0009_0040_0040.jpg 1 9 9 40 40
1983_0046_0012_0038_0038.jpg 1 46 12 38 38
1984_0055_0053_0026_0026.jpg 1 55 53 26 26
1985_0020_0023_0060_0060.jpg 1 20 23 60 60
1986_0016_0036_0052_0052.jpg 1 16 36 52 52
1987_0009_0006_0059_0059.jpg 1 9 6 59 59
1988_0019_0004_0068_0068.jpg 1 19 4 68 68
1989_0020_0028_0054_0054.jpg 1 20 28 54 54
1990_0017_0004_0068_0068.jpg 1 17 4 68 68
1991_0054_0016_0030_0030.jpg 1 54 16 30 30
1992_0031_0015_0057_0057.jpg 1 31 15 57 57
1993_0030_0010_0047_0047.jpg 1 30 10 47 47
1994_0021_0014_0056_0056.jpg 1 21 14 56 56
1995_0033_0012_0046_0046.jpg 1 33 12 46 46
1996_0028_0038_0051_0051.jpg 1 28 38 51 51
1997_0025_0024_0030_0030.jpg 1 25 24 30 30
1998_0046_0036_0035_0035.jpg 1 46 36 35 35
1999_0029_0020_0048_0048.jpg 1 29 20 48 48
2000_0035_0017_0044_0044.jpg 1 35 17 44 44
2001_0015_0041_0024_0024.jpg 1 15 41 24 24
2002_0020_0014_0050_0050.jpg 1 20 14 50 50
2003_0030_0012_0032_0032.jpg 1 30 12 32 32
2004_0026_0044_0036_0036.jpg 1 26 44 36 36
2005_0037_0007_0042_0042.jpg 1 37 7 42 42
2006_0009_0010_0054_0054.jpg 1 9 10 54 54
2007_0030_0013_0044_0044.jpg 1 30 13 44 44
2008_0021_0021_0050_0050.jpg 1 21 21 50 50
2009_0055_0030_0029_0029.jpg 1 55 30 29 29
2010_0018_0008_0027_0027.jpg 1 18 8 27 27
2011_0025_0055_0027_0027.jpg 1 25 55 27 27
2012_0020_0018_0047_0047.jpg 1 20 18 47 47
2013_0024_0015_0063_0063.jpg 1 24 15 63 63
2014_0022_0038_0025_0025.jpg 1 22 38 25 25
2015_0011_0028_0053_0053.jpg 1 11 28 53 53
2016_0037_0028_0034_0034.jpg 1 37 28 34 34
2017_0047_0047_0029_0029.jpg 1 47 47 29 29
2018_0025_0021_0038_0038.jpg 1 25 21 38 38
2019_0027_0042_0040_0040.jpg 1 27 42 40 40
2020_0015_0003_0067_0067.jpg 1 15 3 67 67
2021_0011_0017_0066_0066.jpg 1 11 17 66 66
2022_0027_0006_0059_0059.jpg 1 27 6 59 59
2023_0023_0040_0033_0033.jpg 1 23 40 33 33
2024_0025_0008_0064_0064.jpg 1 25 8 64 64
2025_0011_0037_0046_0046.jpg 1 11 37 46 46
2026_0036_0039_0041_0041.jpg 1 36 39 41 41
2027_0006_0006_0061_0061.jpg 1 6 6 61 61
2028_0035_0041_0027_0027.jpg 1 35 41 27 27
2029_0008_0024_0024_0024.jpg 1 8 24 24 24
2030_0028_0018_0061_0061.jpg 1 28 18 61 61
2031_0020_0011_0042_0042.jpg 1 20 11 42 42
2032_0043_0045_0035_0035.jpg 1 43 45 35 35
2033_0037_0015_0044_0044.jpg 1 37 15 44 44
2034_0008_0036_0050_0050.jpg 1 8 36 50 50
2035_0017_0029_0053_0053.jpg 1 17 29 53 53
2036_0007_0013_0039_0039.jpg 1 7 13 39 39
2037_0021_0041_0041_0041.jpg 1 21 41 41 41
2038_0031_0039_0034_0034.jpg 1 31 39 34 34
2039_0010_0023_0028_0028.jpg 1 10 23 28 28
2040_0017_0005_0048_0048.jpg 1 17 5 48 48
2041_0022_0008_0050_0050.jpg 1 22 8 50 50
2042_0012_0009_0049_0049.jpg 1 12 9 49 49
2043_0031_0047_0036_0036.jpg 1 31 47 36 36
2044_0027_0022_0065_0065.jpg 1 27 22 65 65
2045_0018_0006_0058_0058.jpg 1 18 6 58 58
2046_0014_0011_0028_0028.jpg 1 14 11 28 28
2047_0033_0026_0038_0038.jpg 1 33 26 38 38
2048_0044_0020_0033_0033.jpg 1 44 20 33 33
2049_0025_0010_0039_0039.jpg 1 25 10 39 39
2050_0008_0034_0035_0035.jpg 1 8 34 35 35
2051_0009_0010_0062_0062.jpg 1 9 10 62 62
2052_0011_0012_0051_0051.jpg 1 11 12 51 51
2053_0028_0030_0041_0041.jpg 1 28 30 41 41
2054_0048_0024_0037_0037.jpg 1 48 24 37 37
2055_0019_0035_0024_0024.jpg 1 19 35 24 24
2056_0013_0015_0051_0051.jpg 1 13 15 51 51
2057_0024_0016_0054_0054.jpg 1 24 16 54 54
2058_0008_0020_0056_0056.jpg 1 8 20 56 56
2059_0005_0025_0066_0066.jpg 1 5 25 66 66
2060_0053_0049_0031_0031.jpg 1 53 49 31 31
2061_0034_0022_0037_0037.jpg 1 34 22 37 37
2062_0033_0047_0038_0038.jpg 1 33 47 38 38
2063_0044_0037_0029_0029.jpg 1 44 37 29 29
2064_0030_0015_0060_0060.jpg 1 30 15 60 60
2065_0022_0024_0068_0068.jpg 1 22 24 68 68
2066_0015_0014_0036_0036.jpg 1 15 14 36 36
2067_0033_0008_0030_0030.jpg 1 33 8 30 30
2068_0033_0026_0026_0026.jpg 1 33 26 26 26
2069_0011_0012_0067_0067.jpg 1 11 12 67 67
2070_0014_0010_0061_0061.jpg 1 14 10 61 61
2071_0030_0010_0052_0052.jpg 1 30 10 52 52
2072_0035_0023_0053_0053.jpg 1 35 23 53 53
2073_0040_0006_0040_0040.jpg 1 40 6 40 40
2074_0020_0018_0055_0055.jpg 1 20 18 55 55
2075_0036_0027_0053_0053.jpg 1 36 27 53 53
2076_0043_0049_0029_0029.jpg 1 43 49 29 29
2077_0013_0038_0039_0039.jpg 1 13 38 39 39
2078_0004_0004_0065_0065.jpg 1 4 4 65 65
2079_0027_0025_0051_0051.jpg 1 27 25 51 51
2080_0060_0044_0024_0024.jpg 1 60 44 24 24
2081_0017_0047_0041_0041.jpg 1 17 47 41 41
2082_0021_0027_0045_0045.jpg 1 21 27 45 45
2083_0033_0024_0028_0028.jpg 1 33 24 28 28
2084_0040_0007_0032_0032.jpg 1 40 7 32 32
2085_0042_0040_0032_0032.jpg 1 42 40 32 32
2086_0018_0028_0032_0032.jpg 1 18 28 32 32
2087_0051_0041_0033_0033.jpg 1 51 41 33 33
2088_0050_0013_0036_0036.jpg 1 50 13 36 36
2089_0027_0014_0047_0047.jpg 1 27 14 47 47
2090_0026_0046_0031_0031.jpg 1 26 46 31 31
2091_0058_0029_0026_0026.jpg 1 58 29 26 26
2092_0014_0015_0058_0058.jpg 1 14 15 58 58
2093_0005_0014_0054_0054.jpg 1 5 14 54 54
2094_0011_0011_0063_0063.jpg 1 11 11 63 63
2095_0030_0011_0054_0054.jpg 1 30 11 54 54
2096_0017_0007_0026_0026.jpg 1 17 7 26 26
2097_0038_0010_0025_0025.jpg 1 38 10 25 25
2098_0021_0034_0033_0033.jpg 1 21 34 33 33
2099_0028_0030_0048_0048.jpg 1 28 30 48 48
2100_0043_0035_0034_0034.jpg 1 43 35 34 34
2101_0047_0049_0034_0034.jpg 1 47 49 34 34
2102_0028_0007_0062_0062.jpg 1 28 7 62 62
2103_0014_0030_0051_0051.jpg 1 14 30 51 51
2104_0026_0025_0063_0063.jpg 1 26 25 63 63
2105_0016_0018_0046_0046.jpg 1 16 18 46 46
2106_0011_0004_0065_0065.jpg 1 11 4 65 65
2107_0012_0009_0067_0067.jpg 1 12 9 67 67
2108_0025_0041_0034_0034.jpg 1 25 41 34 34
2109_0026_0039_0045_0045.jpg 1 26 39 45 45
2110_0022_0028_0025_0025.jpg 1 22 28 25 25
2111_0025_0007_0067_0067.jpg 1 25 7 67 67
2112_0018_0019_0051_0051.jpg 1 18 19 51 51
2113_0013_0016_0032_0032.jpg 1 13 16 32 32
2114_0035_0055_0029_0029.jpg 1 35 55 29 29
2115_0007_0014_0041_0041.jpg 1 7 14 41 41
2116_0022_0028_0025_0025.jpg 1 22 28 25 25
2117_0011_0028_0058_0058.jpg 1 11 28 58 58
2118_0010_0028_0057_0057.jpg 1 10 28 57 57
2119_0007_0021_0053_0053.jpg 1 7 21 53 53
2120_0015_0016_0065_0065.jpg 1 15 16 65 65
2121_0006_0014_0048_0048.jpg 1 6 14 48 48
2122_0009_0029_0060_0060.jpg 1 9 29 60 60
2123_0010_0038_0044_0044.jpg 1 10 38 44 44
2124_0010_0039_0040_0040.jpg 1 10 39 40 40
2125_0035_0017_0035_0035.jpg 1 35 17 35 35
2126_0027_0019_0066_0066.jpg 1 27 19 66 66
2127_0019_0028_0053_0053.jpg 1 19 28 53 53
2128_0023_0014_0055_0055.jpg 1 23 14 55 55
2129_0004_0015_0063_0063.jpg 1 4 15 63 63
2130_0025_0021_0035_0035.jpg 1 25 21 35 35
2131_0044_0007_0033_0033.jpg 1 44 7 33 33
2132_0003_0003_0069_0069.jpg 1 3 3 69 69
2133_0007_0017_0050_0050.jpg 1 7 17 50 50
2134_0014_0027_0051_0051.jpg 1 14 27 51 51
2135_0017_0029_0055_0055.jpg 1 17 29 55 55
2136_0017_0021_0063_0063.jpg 1 17 21 63 63
2137_0047_0031_0027_0027.jpg 1 47 31 27 27
2138_0053_0015_0025_0025.jpg 1 53 15 25 25
2139_0020_0028_0059_0059.jpg 1 20 28 59 59
2140_0036_0013_0046_0046.jpg 1 36 13 46 46
2141_0049_0011_0030_0030.jpg 1 49 11 30 30
2142_0009_0017_0060_0060.jpg 1 9 17 60 60
2143_0025_0037_0041_0041.jpg 1 25 37 41 41
2144_0031_0009_0052_0052.jpg 1 31 9 52 52
2145_0007_0031_0033_0033.jpg 1 7 31 33 33
2146_0042_0047_0038_0038.jpg 1 42 47 38 38
2147_0019_0011_0035_0035.jpg 1 19 11 35 35
2148_0015_0003_0064_0064.jpg 1 15 3 64 64
2149_0031_0040_0047_0047.jpg 1 31 40 47 47
2150_0031_0034_0049_0049.jpg 1 31 34 49 49
2151_0058_0011_0024_0024.jpg 1 58 11 24 24
2152_0029_0030_0055_0055.jpg 1 29 30 55 55
2153_0028_0030_0053_0053.jpg 1 28 30 53 53
2154_0004_0018_0064_0064.jpg 1 4 18 64 64
2155_0010_0009_0060_0060.jpg 1 10 9 60 60
2156_0007_0037_0043_0043.jpg 1 7 37 43 43
2157_0012_0013_0068_0068.jpg 1 12 13 68 68
2158_0015_0014_0069_0069.jpg 1 15 14 69 69
2159_0015_0015_0046_0046.jpg 1 15 15 46 46
2160_0004_0022_0056_0056.jpg 1 4 22 56 56
2161_0045_0043_0036_0036.jpg 1 45 43 36 36
2162_0025_0011_0040_0040.jpg 1 25 11 40 40
2163_0014_0024_0052_0052.jpg 1 14 24 52 52
2164_0016_0021_0053_0053.jpg 1 16 21 53 53
2165_0016_0011_0066_0066.jpg 1 16 11 66 66
2166_0006_0040_0045_0045.jpg 1 6 40 45 45
2167_0026_0024_0037_0037.jpg 1 26 24 37 37
2168_0012_0005_0053_0053.jpg 1 12 5 53 53
2169_0019_0030_0054_0054.jpg 1 19 30 54 54
2170_0030_0053_0025_0025.jpg 1 30 53 25 25
2171_0018_0009_0061_0061.jpg 1 18 9 61 61
2172_0028_0016_0055_0055.jpg 1 28 16 55 55
2173_0040_0036_0045_0045.jpg 1 40 36 45 45
2174_0024_0028_0057_0057.jpg 1 24 28 57 57
2175_0028_0029_0033_0033.jpg 1 28 29 33 33
2176_0006_0005_0062_0062.jpg 1 6 5 62 62
2177_0004_0033_0058_0058.jpg 1 4 33 58 58
2178_0018_0010_0069_0069.jpg 1 18 10 69 69
2179_0020_0024_0042_0042.jpg 1 20 24 42 42
2180_0010_0007_0053_0053.jpg 1 10 7 53 53
2181_0013_0007_0064_0064.jpg 1 13 7 64 64
2182_0039_0017_0050_0050.jpg 1 39 17 50 50
2183_0009_0030_0033_0033.jpg 1 9 30 33 33
2184_0006_0024_0064_0064.jpg 1 6 24 64 64
2185_0007_0013_0031_0031.jpg 1 7 13 31 31
2186_0025_0040_0033_0033.jpg 1 25 40 33 33
2187_0020_0011_0065_0065.jpg 1 20 11 65 65
2188_0009_0033_0038_0038.jpg 1 9 33 38 38
2189_0026_0034_0057_0057.jpg 1 26 34 57 57
2190_0019_0027_0061_0061.jpg 1 19 27 61 61
2191_0010_0035_0027_0027.jpg 1 10 35 27 27
2192_0011_0018_0066_0066.jpg 1 11 18 66 66
2193_0056_0036_0025_0025.jpg 1 56 36 25 25
2194_0044_0026_0025_0025.jpg 1 44 26 25 25
2195_0023_0025_0033_0033.jpg 1 23 25 33 33
2196_0017_0021_0056_0056.jpg 1 17 21 56 56
2197_0024_0016_0064_0064.jpg 1 24 16 64 64
2198_0035_0026_0053_0053.jpg 1 35 26 53 53
2199_0013_0019_0062_0062.jpg 1 13 19 62 62
2200_0009_0028_0050_0050.jpg 1 9 28 50 50
2201_0025_0032_0058_0058.jpg 1 25 32 58 58
2202_0016_0051_0030_0030.jpg 1 16 51 30 30
2203_0022_0029_0045_0045.jpg 1 22 29 45 45
2204_0009_0013_0064_0064.jpg 1 9 13 64 64
2205_0030_0029_0046_0046.jpg 1 30 29 46 46
2206_0005_0026_0064_0064.jpg 1 5 26 64 64
2207_0030_0019_0038_0038.jpg 1 30 19 38 38
2208_0051_0025_0031_0031.jpg 1 51 25 31 31
2209_0023_0012_0038_0038.jpg 1 23 12 38 38
2210_0050_0020_0036_0036.jpg 1 50 20 36 36
2211_0015_0005_0067_0067.jpg 1 15 5 67 67
2212_0024_0004_0057_0057.jpg 1 24 4 57 57
2213_0040_0030_0034_0034.jpg 1 40 30 34 34
2214_0023_0023_0066_0066.jpg 1 23 23 66 66
2215_0037_0018_0039_0039.jpg 1 37 18 39 39
2216_0018_0011_0025_0025.jpg 1 18 11 25 25
2217_0018_0021_0055_0055.jpg 1 18 21 55 55
2218_0040_0017_0029_0029.jpg 1 40 17 29 29
2219_0029_0017_0056_0056.jpg 1 29 17 56 56
2220_0034_0038_0032_0032.jpg 1 34 38 32 32
2221_0011_0038_0050_0050.jpg 1 11 38 50 50
2222_0023_0034_0053_0053.jpg 1 23 34 53 53
2223_0011_0014_0059_0059.jpg 1 11 14 59 59
2224_0036_0037_0047_0047.jpg 1 36 37 47 47
2225_0019_0037_0042_0042.jpg 1 19 37 42 42
2226_0014_0007_0049_0049.jpg 1 14 7 49 49
