0001_0027_0027_0145_0145.jpg 1 27 27 145 145
0002_0032_0089_0085_0085.jpg 1 32 89 85 85
0003_0054_0031_0115_0115.jpg 1 54 31 115 115
0004_0035_0017_0135_0135.jpg 1 35 17 135 135
0005_0039_0077_0109_0109.jpg 1 39 77 109 109
0006_0092_0017_0101_0101.jpg 1 92 17 101 101
0007_0031_0061_0161_0161.jpg 1 31 61 161 161
0008_0137_0124_0051_0051.jpg 1 137 124 51 51
0009_0057_0042_0157_0157.jpg 1 57 42 157 157
0010_0073_0057_0148_0148.jpg 1 73 57 148 148
0011_0043_0073_0124_0124.jpg 1 43 73 124 124
0012_0034_0071_0125_0125.jpg 1 34 71 125 125
0013_0122_0109_0024_0024.jpg 1 122 109 24 24
0014_0085_0032_0049_0049.jpg 1 85 32 49 49
0015_0117_0036_0084_0084.jpg 1 117 36 84 84
0016_0098_0117_0048_0048.jpg 1 98 117 48 48
0017_0043_0013_0173_0173.jpg 1 43 13 173 173
0018_0029_0053_0140_0140.jpg 1 29 53 140 140
0019_0092_0129_0045_0045.jpg 1 92 129 45 45
0020_0061_0032_0171_0171.jpg 1 61 32 171 171
0021_0019_0075_0154_0154.jpg 1 19 75 154 154
0022_0109_0032_0053_0053.jpg 1 109 32 53 53
0023_0039_0049_0096_0096.jpg 1 39 49 96 96
0024_0032_0065_0167_0167.jpg 1 32 65 167 167
0025_0026_0072_0154_0154.jpg 1 26 72 154 154
0026_0027_0039_0157_0157.jpg 1 27 39 157 157
0027_0031_0030_0034_0034.jpg 1 31 30 34 34
0028_0035_0027_0159_0159.jpg 1 35 27 159 159
0029_0047_0080_0148_0148.jpg 1 47 80 148 148
0030_0050_0025_0112_0112.jpg 1 50 25 112 112
0031_0066_0033_0165_0165.jpg 1 66 33 165 165
0032_0047_0069_0134_0134.jpg 1 47 69 134 134
0033_0050_0011_0156_0156.jpg 1 50 11 156 156
0034_0103_0113_0107_0107.jpg 1 103 113 107 107
0035_0123_0119_0078_0078.jpg 1 123 119 78 78
0036_0042_0037_0158_0158.jpg 1 42 37 158 158
0037_0034_0039_0139_0139.jpg 1 34 39 139 139
0038_0056_0050_0154_0154.jpg 1 56 50 154 154
0039_0065_0062_0118_0118.jpg 1 65 62 118 118
0040_0028_0044_0041_0041.jpg 1 28 44 41 41
0041_0105_0042_0107_0107.jpg 1 105 42 107 107
0042_0023_0024_0127_0127.jpg 1 23 24 127 127
0043_0041_0027_0055_0055.jpg 1 41 27 55 55
0044_0058_0014_0132_0132.jpg 1 58 14 132 132
0045_0027_0081_0107_0107.jpg 1 27 81 107 107
0046_0027_0114_0091_0091.jpg 1 27 114 91 91
0047_0034_0048_0169_0169.jpg 1 34 48 169 169
0048_0139_0078_0045_0045.jpg 1 139 78 45 45
0049_0152_0174_0024_0024.jpg 1 152 174 24 24
0050_0086_0093_0120_0120.jpg 1 86 93 120 120
0051_0030_0117_0027_0027.jpg 1 30 117 27 27
0052_0120_0026_0072_0072.jpg 1 120 26 72 72
0053_0025_0053_0067_0067.jpg 1 25 53 67 67
0054_0045_0068_0104_0104.jpg 1 45 68 104 104
0055_0088_0037_0133_0133.jpg 1 88 37 133 133
0056_0069_0044_0076_0076.jpg 1 69 44 76 76
0057_0071_0048_0127_0127.jpg 1 71 48 127 127
0058_0068_0124_0040_0040.jpg 1 68 124 40 40
0059_0073_0143_0049_0049.jpg 1 73 143 49 49
0060_0105_0041_0095_0095.jpg 1 105 41 95 95
0061_0065_0038_0162_0162.jpg 1 65 38 162 162
0062_0022_0142_0030_0030.jpg 1 22 142 30 30
0063_0114_0054_0052_0052.jpg 1 114 54 52 52
0064_0059_0076_0097_0097.jpg 1 59 76 97 97
0065_0053_0107_0108_0108.jpg 1 53 107 108 108
0066_0084_0024_0143_0143.jpg 1 84 24 143 143
0067_0056_0025_0118_0118.jpg 1 56 25 118 118
0068_0044_0088_0034_0034.jpg 1 44 88 34 34
0069_0064_0143_0027_0027.jpg 1 64 143 27 27
0070_0146_0086_0044_0044.jpg 1 146 86 44 44
0071_0067_0102_0107_0107.jpg 1 67 102 107 107
0072_0062_0060_0166_0166.jpg 1 62 60 166 166
0073_0041_0080_0101_0101.jpg 1 41 80 101 101
0074_0044_0020_0145_0145.jpg 1 44 20 145 145
0075_0059_0033_0148_0148.jpg 1 59 33 148 148
0076_0024_0041_0171_0171.jpg 1 24 41 171 171
0077_0017_0057_0150_0150.jpg 1 17 57 150 150
0078_0125_0030_0083_0083.jpg 1 125 30 83 83
0079_0011_0062_0164_0164.jpg 1 11 62 164 164
0080_0145_0039_0062_0062.jpg 1 145 39 62 62
0081_0037_0145_0064_0064.jpg 1 37 145 64 64
0082_0026_0058_0161_0161.jpg 1 26 58 161 161
0083_0037_0058_0062_0062.jpg 1 37 58 62 62
0084_0067_0069_0160_0160.jpg 1 67 69 160 160
0085_0113_0024_0098_0098.jpg 1 113 24 98 98
0086_0017_0065_0119_0119.jpg 1 17 65 119 119
0087_0138_0115_0061_0061.jpg 1 138 115 61 61
0088_0052_0100_0041_0041.jpg 1 52 100 41 41
0089_0100_0078_0103_0103.jpg 1 100 78 103 103
0090_0042_0057_0146_0146.jpg 1 42 57 146 146
0091_0068_0081_0096_0096.jpg 1 68 81 96 96
0092_0063_0030_0096_0096.jpg 1 63 30 96 96
0093_0063_0054_0145_0145.jpg 1 63 54 145 145
0094_0079_0050_0120_0120.jpg 1 79 50 120 120
0095_0094_0039_0130_0130.jpg 1 94 39 130 130
0096_0030_0034_0126_0126.jpg 1 30 34 126 126
0097_0060_0052_0153_0153.jpg 1 60 52 153 153
0098_0025_0038_0170_0170.jpg 1 25 38 170 170
0099_0057_0120_0074_0074.jpg 1 57 120 74 74
0100_0053_0077_0091_0091.jpg 1 53 77 91 91
0101_0048_0094_0117_0117.jpg 1 48 94 117 117
0102_0085_0143_0042_0042.jpg 1 85 143 42 42
0103_0062_0026_0050_0050.jpg 1 62 26 50 50
0104_0033_0044_0115_0115.jpg 1 33 44 115 115
0105_0031_0040_0174_0174.jpg 1 31 40 174 174
0106_0061_0094_0122_0122.jpg 1 61 94 122 122
0107_0034_0071_0140_0140.jpg 1 34 71 140 140
0108_0040_0150_0037_0037.jpg 1 40 150 37 37
0109_0065_0031_0145_0145.jpg 1 65 31 145 145
0110_0092_0133_0064_0064.jpg 1 92 133 64 64
0111_0172_0105_0028_0028.jpg 1 172 105 28 28
0112_0049_0103_0111_0111.jpg 1 49 103 111 111
0113_0133_0040_0081_0081.jpg 1 133 40 81 81
0114_0021_0033_0146_0146.jpg 1 21 33 146 146
0115_0100_0127_0079_0079.jpg 1 100 127 79 79
0116_0059_0036_0141_0141.jpg 1 59 36 141 141
0117_0041_0095_0035_0035.jpg 1 41 95 35 35
0118_0086_0090_0079_0079.jpg 1 86 90 79 79
0119_0027_0063_0133_0133.jpg 1 27 63 133 133
0120_0022_0053_0137_0137.jpg 1 22 53 137 137
0121_0042_0053_0114_0114.jpg 1 42 53 114 114
0122_0017_0067_0146_0146.jpg 1 17 67 146 146
0123_0078_0056_0136_0136.jpg 1 78 56 136 136
0124_0074_0031_0061_0061.jpg 1 74 31 61 61
0125_0064_0015_0105_0105.jpg 1 64 15 105 105
0126_0102_0159_0039_0039.jpg 1 102 159 39 39
0127_0078_0109_0075_0075.jpg 1 78 109 75 75
0128_0040_0093_0098_0098.jpg 1 40 93 98 98
0129_0134_0139_0070_0070.jpg 1 134 139 70 70
0130_0114_0023_0078_0078.jpg 1 114 23 78 78
0131_0034_0032_0161_0161.jpg 1 34 32 161 161
0132_0088_0068_0086_0086.jpg 1 88 68 86 86
0133_0131_0140_0071_0071.jpg 1 131 140 71 71
0134_0101_0056_0099_0099.jpg 1 101 56 99 99
0135_0167_0138_0036_0036.jpg 1 167 138 36 36
0136_0145_0122_0052_0052.jpg 1 145 122 52 52
0137_0146_0056_0052_0052.jpg 1 146 56 52 52
0138_0094_0067_0058_0058.jpg 1 94 67 58 58
0139_0119_0087_0094_0094.jpg 1 119 87 94 94
0140_0025_0148_0037_0037.jpg 1 25 148 37 37
0141_0070_0047_0093_0093.jpg 1 70 47 93 93
0142_0092_0015_0132_0132.jpg 1 92 15 132 132
0143_0141_0076_0051_0051.jpg 1 141 76 51 51
0144_0092_0041_0071_0071.jpg 1 92 41 71 71
0145_0062_0088_0098_0098.jpg 1 62 88 98 98
0146_0039_0017_0169_0169.jpg 1 39 17 169 169
0147_0051_0056_0164_0164.jpg 1 51 56 164 164
0148_0067_0030_0107_0107.jpg 1 67 30 107 107
0149_0102_0117_0079_0079.jpg 1 102 117 79 79
0150_0051_0064_0062_0062.jpg 1 51 64 62 62
0151_0151_0134_0058_0058.jpg 1 151 134 58 58
0152_0018_0019_0125_0125.jpg 1 18 19 125 125
0153_0104_0040_0088_0088.jpg 1 104 40 88 88
0154_0058_0025_0156_0156.jpg 1 58 25 156 156
0155_0096_0073_0126_0126.jpg 1 96 73 126 126
0156_0040_0051_0139_0139.jpg 1 40 51 139 139
0157_0027_0030_0133_0133.jpg 1 27 30 133 133
0158_0038_0011_0160_0160.jpg 1 38 11 160 160
0159_0122_0131_0084_0084.jpg 1 122 131 84 84
0160_0068_0066_0077_0077.jpg 1 68 66 77 77
0161_0044_0073_0034_0034.jpg 1 44 73 34 34
0162_0043_0104_0033_0033.jpg 1 43 104 33 33
0163_0079_0047_0138_0138.jpg 1 79 47 138 138
0164_0023_0020_0123_0123.jpg 1 23 20 123 123
0165_0024_0104_0108_0108.jpg 1 24 104 108 108
0166_0129_0043_0059_0059.jpg 1 129 43 59 59
0167_0086_0156_0036_0036.jpg 1 86 156 36 36
0168_0050_0084_0040_0040.jpg 1 50 84 40 40
0169_0124_0106_0028_0028.jpg 1 124 106 28 28
0170_0027_0012_0129_0129.jpg 1 27 12 129 129
0171_0055_0026_0122_0122.jpg 1 55 26 122 122
0172_0112_0090_0058_0058.jpg 1 112 90 58 58
0173_0013_0020_0139_0139.jpg 1 13 20 139 139
0174_0106_0125_0047_0047.jpg 1 106 125 47 47
0175_0022_0046_0170_0170.jpg 1 22 46 170 170
0176_0044_0042_0055_0055.jpg 1 44 42 55 55
0177_0144_0069_0055_0055.jpg 1 144 69 55 55
0178_0136_0118_0070_0070.jpg 1 136 118 70 70
0179_0035_0074_0112_0112.jpg 1 35 74 112 112
0180_0022_0162_0035_0035.jpg 1 22 162 35 35
0181_0124_0059_0074_0074.jpg 1 124 59 74 74
0182_0020_0033_0174_0174.jpg 1 20 33 174 174
0183_0076_0083_0028_0028.jpg 1 76 83 28 28
0184_0040_0027_0082_0082.jpg 1 40 27 82 82
0185_0035_0071_0115_0115.jpg 1 35 71 115 115
0186_0031_0040_0078_0078.jpg 1 31 40 78 78
0187_0058_0088_0116_0116.jpg 1 58 88 116 116
0188_0024_0061_0141_0141.jpg 1 24 61 141 141
0189_0048_0105_0064_0064.jpg 1 48 105 64 64
0190_0051_0155_0046_0046.jpg 1 51 155 46 46
0191_0067_0081_0140_0140.jpg 1 67 81 140 140
0192_0078_0043_0066_0066.jpg 1 78 43 66 66
0193_0030_0017_0165_0165.jpg 1 30 17 165 165
0194_0041_0033_0174_0174.jpg 1 41 33 174 174
0195_0036_0070_0043_0043.jpg 1 36 70 43 43
0196_0065_0061_0159_0159.jpg 1 65 61 159 159
0197_0036_0044_0075_0075.jpg 1 36 44 75 75
0198_0100_0111_0100_0100.jpg 1 100 111 100 100
0199_0105_0077_0100_0100.jpg 1 105 77 100 100
0200_0019_0029_0137_0137.jpg 1 19 29 137 137
0201_0107_0038_0112_0112.jpg 1 107 38 112 112
0202_0047_0088_0096_0096.jpg 1 47 88 96 96
0203_0020_0045_0174_0174.jpg 1 20 45 174 174
0204_0044_0036_0122_0122.jpg 1 44 36 122 122
0205_0041_0090_0091_0091.jpg 1 41 90 91 91
0206_0033_0016_0162_0162.jpg 1 33 16 162 162
0207_0073_0032_0137_0137.jpg 1 73 32 137 137
0208_0016_0070_0153_0153.jpg 1 16 70 153 153
0209_0035_0054_0172_0172.jpg 1 35 54 172 172
0210_0070_0091_0038_0038.jpg 1 70 91 38 38
0211_0105_0027_0033_0033.jpg 1 105 27 33 33
0212_0059_0077_0140_0140.jpg 1 59 77 140 140
0213_0075_0054_0028_0028.jpg 1 75 54 28 28
0214_0066_0021_0164_0164.jpg 1 66 21 164 164
0215_0099_0109_0092_0092.jpg 1 99 109 92 92
0216_0058_0089_0092_0092.jpg 1 58 89 92 92
0217_0105_0119_0097_0097.jpg 1 105 119 97 97
0218_0080_0027_0133_0133.jpg 1 80 27 133 133
0219_0125_0124_0061_0061.jpg 1 125 124 61 61
0220_0057_0114_0081_0081.jpg 1 57 114 81 81
0221_0128_0050_0060_0060.jpg 1 128 50 60 60
0222_0115_0018_0103_0103.jpg 1 115 18 103 103
0223_0026_0069_0033_0033.jpg 1 26 69 33 33
0224_0084_0077_0125_0125.jpg 1 84 77 125 125
0225_0015_0083_0110_0110.jpg 1 15 83 110 110
0226_0061_0044_0121_0121.jpg 1 61 44 121 121
0227_0116_0107_0085_0085.jpg 1 116 107 85 85
0228_0038_0143_0058_0058.jpg 1 38 143 58 58
0229_0039_0020_0166_0166.jpg 1 39 20 166 166
0230_0063_0063_0166_0166.jpg 1 63 63 166 166
0231_0040_0056_0152_0152.jpg 1 40 56 152 152
0232_0041_0093_0122_0122.jpg 1 41 93 122 122
0233_0022_0068_0106_0106.jpg 1 22 68 106 106
0234_0065_0018_0132_0132.jpg 1 65 18 132 132
0235_0038_0016_0144_0144.jpg 1 38 16 144 144
0236_0142_0111_0032_0032.jpg 1 142 111 32 32
0237_0041_0029_0075_0075.jpg 1 41 29 75 75
0238_0064_0065_0159_0159.jpg 1 64 65 159 159
0239_0022_0049_0174_0174.jpg 1 22 49 174 174
0240_0131_0125_0070_0070.jpg 1 131 125 70 70
0241_0107_0118_0099_0099.jpg 1 107 118 99 99
0242_0040_0101_0092_0092.jpg 1 40 101 92 92
0243_0032_0016_0150_0150.jpg 1 32 16 150 150
0244_0063_0059_0163_0163.jpg 1 63 59 163 163
0245_0099_0041_0112_0112.jpg 1 99 41 112 112
0246_0095_0108_0079_0079.jpg 1 95 108 79 79
0247_0029_0036_0173_0173.jpg 1 29 36 173 173
0248_0068_0077_0069_0069.jpg 1 68 77 69 69
0249_0094_0063_0061_0061.jpg 1 94 63 61 61
0250_0031_0040_0104_0104.jpg 1 31 40 104 104
0251_0034_0054_0144_0144.jpg 1 34 54 144 144
0252_0093_0058_0124_0124.jpg 1 93 58 124 124
0253_0031_0031_0082_0082.jpg 1 31 31 82 82
0254_0028_0040_0117_0117.jpg 1 28 40 117 117
0255_0143_0023_0062_0062.jpg 1 143 23 62 62
0256_0098_0087_0055_0055.jpg 1 98 87 55 55
0257_0075_0089_0115_0115.jpg 1 75 89 115 115
0258_0020_0025_0089_0089.jpg 1 20 25 89 89
0259_0063_0109_0032_0032.jpg 1 63 109 32 32
0260_0160_0150_0047_0047.jpg 1 160 150 47 47
0261_0111_0083_0070_0070.jpg 1 111 83 70 70
0262_0025_0050_0074_0074.jpg 1 25 50 74 74
0263_0075_0032_0147_0147.jpg 1 75 32 147 147
0264_0045_0074_0126_0126.jpg 1 45 74 126 126
0265_0068_0079_0127_0127.jpg 1 68 79 127 127
0266_0019_0131_0081_0081.jpg 1 19 131 81 81
0267_0165_0031_0039_0039.jpg 1 165 31 39 39
0268_0060_0097_0116_0116.jpg 1 60 97 116 116
0269_0026_0046_0135_0135.jpg 1 26 46 135 135
0270_0051_0021_0137_0137.jpg 1 51 21 137 137
0271_0075_0054_0116_0116.jpg 1 75 54 116 116
0272_0099_0140_0027_0027.jpg 1 99 140 27 27
0273_0018_0039_0152_0152.jpg 1 18 39 152 152
0274_0043_0142_0024_0024.jpg 1 43 142 24 24
0275_0039_0074_0097_0097.jpg 1 39 74 97 97
0276_0067_0030_0072_0072.jpg 1 67 30 72 72
0277_0041_0020_0141_0141.jpg 1 41 20 141 141
0278_0058_0134_0064_0064.jpg 1 58 134 64 64
0279_0069_0026_0059_0059.jpg 1 69 26 59 59
0280_0105_0038_0110_0110.jpg 1 105 38 110 110
0281_0052_0058_0168_0168.jpg 1 52 58 168 168
0282_0107_0091_0102_0102.jpg 1 107 91 102 102
0283_0058_0045_0161_0161.jpg 1 58 45 161 161
0284_0043_0058_0044_0044.jpg 1 43 58 44 44
0285_0102_0070_0092_0092.jpg 1 102 70 92 92
0286_0051_0035_0171_0171.jpg 1 51 35 171 171
0287_0014_0021_0146_0146.jpg 1 14 21 146 146
0288_0124_0106_0067_0067.jpg 1 124 106 67 67
0289_0058_0112_0068_0068.jpg 1 58 112 68 68
0290_0044_0028_0150_0150.jpg 1 44 28 150 150
0291_0058_0029_0141_0141.jpg 1 58 29 141 141
0292_0078_0079_0148_0148.jpg 1 78 79 148 148
0293_0096_0101_0055_0055.jpg 1 96 101 55 55
0294_0028_0059_0152_0152.jpg 1 28 59 152 152
0295_0053_0017_0154_0154.jpg 1 53 17 154 154
0296_0064_0113_0024_0024.jpg 1 64 113 24 24
0297_0073_0035_0103_0103.jpg 1 73 35 103 103
0298_0056_0063_0170_0170.jpg 1 56 63 170 170
0299_0073_0054_0156_0156.jpg 1 73 54 156 156
0300_0045_0054_0148_0148.jpg 1 45 54 148 148
0301_0021_0019_0150_0150.jpg 1 21 19 150 150
0302_0042_0033_0173_0173.jpg 1 42 33 173 173
0303_0015_0057_0171_0171.jpg 1 15 57 171 171
0304_0097_0049_0121_0121.jpg 1 97 49 121 121
0305_0146_0086_0049_0049.jpg 1 146 86 49 49
0306_0053_0067_0158_0158.jpg 1 53 67 158 158
0307_0015_0012_0148_0148.jpg 1 15 12 148 148
0308_0040_0057_0151_0151.jpg 1 40 57 151 151
0309_0062_0057_0165_0165.jpg 1 62 57 165 165
0310_0070_0072_0076_0076.jpg 1 70 72 76 76
0311_0144_0084_0040_0040.jpg 1 144 84 40 40
0312_0163_0080_0029_0029.jpg 1 163 80 29 29
0313_0164_0160_0037_0037.jpg 1 164 160 37 37
0314_0109_0057_0090_0090.jpg 1 109 57 90 90
0315_0038_0057_0137_0137.jpg 1 38 57 137 137
0316_0034_0060_0149_0149.jpg 1 34 60 149 149
0317_0064_0018_0163_0163.jpg 1 64 18 163 163
0318_0030_0067_0162_0162.jpg 1 30 67 162 162
0319_0128_0122_0027_0027.jpg 1 128 122 27 27
0320_0021_0084_0143_0143.jpg 1 21 84 143 143
0321_0142_0161_0039_0039.jpg 1 142 161 39 39
0322_0043_0117_0045_0045.jpg 1 43 117 45 45
0323_0027_0058_0154_0154.jpg 1 27 58 154 154
0324_0061_0074_0149_0149.jpg 1 61 74 149 149
0325_0040_0032_0137_0137.jpg 1 40 32 137 137
0326_0034_0057_0098_0098.jpg 1 34 57 98 98
0327_0067_0052_0140_0140.jpg 1 67 52 140 140
0328_0078_0030_0133_0133.jpg 1 78 30 133 133
0329_0014_0026_0125_0125.jpg 1 14 26 125 125
0330_0088_0101_0093_0093.jpg 1 88 101 93 93
0331_0040_0047_0081_0081.jpg 1 40 47 81 81
0332_0024_0038_0077_0077.jpg 1 24 38 77 77
0333_0038_0124_0062_0062.jpg 1 38 124 62 62
0334_0025_0015_0166_0166.jpg 1 25 15 166 166
0335_0057_0173_0026_0026.jpg 1 57 173 26 26
0336_0039_0024_0172_0172.jpg 1 39 24 172 172
0337_0035_0028_0131_0131.jpg 1 35 28 131 131
0338_0088_0053_0087_0087.jpg 1 88 53 87 87
0339_0063_0069_0052_0052.jpg 1 63 69 52 52
0340_0082_0120_0062_0062.jpg 1 82 120 62 62
0341_0045_0112_0070_0070.jpg 1 45 112 70 70
0342_0107_0039_0109_0109.jpg 1 107 39 109 109
0343_0026_0062_0058_0058.jpg 1 26 62 58 58
0344_0066_0027_0164_0164.jpg 1 66 27 164 164
0345_0039_0044_0129_0129.jpg 1 39 44 129 129
0346_0155_0119_0052_0052.jpg 1 155 119 52 52
0347_0038_0024_0100_0100.jpg 1 38 24 100 100
0348_0030_0043_0166_0166.jpg 1 30 43 166 166
0349_0029_0084_0143_0143.jpg 1 29 84 143 143
0350_0043_0058_0157_0157.jpg 1 43 58 157 157
0351_0054_0092_0114_0114.jpg 1 54 92 114 114
0352_0033_0087_0127_0127.jpg 1 33 87 127 127
0353_0046_0077_0034_0034.jpg 1 46 77 34 34
0354_0074_0104_0037_0037.jpg 1 74 104 37 37
0355_0032_0042_0173_0173.jpg 1 32 42 173 173
0356_0083_0030_0070_0070.jpg 1 83 30 70 70
0357_0026_0025_0111_0111.jpg 1 26 25 111 111
0358_0040_0057_0165_0165.jpg 1 40 57 165 165
0359_0023_0024_0120_0120.jpg 1 23 24 120 120
0360_0092_0050_0057_0057.jpg 1 92 50 57 57
